1.1278162002561112e+00 -1.4599882066250000e-01
1.1254392971340483e+00 -1.4398235020546457e-01
1.1230631153640944e+00 -1.4196502826259894e-01
1.1206856667769234e+00 -1.3994920026437510e-01
1.1183016392976040e+00 -1.3794108820573334e-01
1.1159060360065938e+00 -1.3594683366183211e-01
1.1134943922483385e+00 -1.3397199975209073e-01
1.1110627558845456e+00 -1.3202157072830137e-01
1.1086121993632960e+00 -1.3009525036769135e-01
1.1061459068422215e+00 -1.2818909138005813e-01
1.1036670799863162e+00 -1.2629913482008107e-01
1.1011780829921383e+00 -1.2442266777890082e-01
1.0986797262950860e+00 -1.2255878557536860e-01
1.0961726055422312e+00 -1.2070668731636294e-01
1.0936573062011654e+00 -1.1886557599374739e-01
1.0911341791865199e+00 -1.1703524370514216e-01
1.0886029308143257e+00 -1.1521627123526922e-01
1.0860631313815556e+00 -1.1340925963490132e-01
1.0835143504728189e+00 -1.1161481095131028e-01
1.0809563058851355e+00 -1.0983364348623233e-01
1.0783886035014456e+00 -1.0806650707057305e-01
1.0758107208617933e+00 -1.0631412498408961e-01
1.0732223705835215e+00 -1.0457738177897939e-01
1.0706230557103600e+00 -1.0285701991877821e-01
1.0680122195025694e+00 -1.0115369545417789e-01
1.0653901304938778e+00 -9.9468004358297779e-02
1.0627569022423800e+00 -9.7800049347340823e-02
1.0601125229372905e+00 -9.6149849226635664e-02
1.0574569785280055e+00 -9.4517426367784332e-02
1.0547903454528944e+00 -9.2902860968818890e-02
1.0521132821581833e+00 -9.1306247376529287e-02
1.0494259623977427e+00 -8.9726634686642270e-02
1.0467292532616417e+00 -8.8163381192532281e-02
1.0440236494619279e+00 -8.6615624952837617e-02
1.0413096443870367e+00 -8.5082506332337549e-02
1.0385877515962418e+00 -8.3563186972091003e-02
1.0358585793545698e+00 -8.2057165723400161e-02
1.0331223893189021e+00 -8.0564113405332774e-02
1.0303793684733429e+00 -7.9083684469956894e-02
1.0276297033147372e+00 -7.7615534269850170e-02
1.0248735825956861e+00 -7.6159320421580176e-02
1.0221113868165173e+00 -7.4714805648117610e-02
1.0193431633269527e+00 -7.3281772074636667e-02
1.0165690745782667e+00 -7.1860328916127064e-02
1.0137891028527128e+00 -7.0450511184885489e-02
1.0110032300190683e+00 -6.9052354710249564e-02
1.0082114375294651e+00 -6.7665896144903773e-02
1.0054137493619166e+00 -6.6291193579789826e-02
1.0026104263569673e+00 -6.4928353914974785e-02
9.9980146799659453e-01 -6.3577214794734271e-02
9.9698694418567557e-01 -6.2237631570083440e-02
9.9416700845070338e-01 -6.0909499704778831e-02
9.9134178886034718e-01 -5.9592702131698663e-02
9.8851135114908950e-01 -5.8287092967549387e-02
9.8567573703186229e-01 -5.6992494671899339e-02
9.8283527861832676e-01 -5.5708778539936672e-02
9.7999008732782988e-01 -5.4435694280637117e-02
9.7714027431116002e-01 -5.3172992206330413e-02
9.7428595046576782e-01 -5.1920423198441305e-02
9.7142722645094892e-01 -5.0677738673379449e-02
9.6856439946132666e-01 -4.9444775893372830e-02
9.6569747169518605e-01 -4.8221275611074858e-02
9.6282664558169728e-01 -4.7007076136811710e-02
9.5995200942511338e-01 -4.5801966791329987e-02
9.5707365140490608e-01 -4.4605737193082411e-02
9.5419165958273544e-01 -4.3418177241605495e-02
9.5130617607366430e-01 -4.2239126206672653e-02
9.4841728842745054e-01 -4.1068553518851220e-02
9.4552499995352113e-01 -3.9906448073819954e-02
9.4262931472151679e-01 -3.8752799739162118e-02
9.3973023831876945e-01 -3.7607599576209134e-02
9.3682786853570887e-01 -3.6470874846838482e-02
9.3392221035519440e-01 -3.5342495758326535e-02
9.3101349260774824e-01 -3.4222119417585226e-02
9.2810187463937888e-01 -3.3109329031673844e-02
9.2518751599778781e-01 -3.2003707280091588e-02
9.2227057640029164e-01 -3.0904836398683896e-02
9.1935119452949055e-01 -2.9812474727411338e-02
9.1642905246323836e-01 -2.8727602469449252e-02
9.1350358409889665e-01 -2.7651746121465506e-02
9.1057422446450209e-01 -2.6586441578991545e-02
9.0764051481179842e-01 -2.5533270316253787e-02
9.0470275967668157e-01 -2.4490726274754099e-02
9.0176804778249775e-01 -2.3439870127465144e-02
8.9884577206826377e-01 -2.2355368968944390e-02
8.9594529681495894e-01 -2.1212037501209327e-02
8.9307878043341005e-01 -1.9985742218925837e-02
8.9026536973769721e-01 -1.8643892085708488e-02
8.8753165771923281e-01 -1.7143657044129471e-02
8.8491726772382551e-01 -1.5446499830242065e-02
8.8246413099900556e-01 -1.3524204852578929e-02
8.8018796743807715e-01 -1.1394515667401749e-02
8.7808763183388883e-01 -9.0908763486145724e-03
8.7616244364885443e-01 -6.6386879330673672e-03
8.7445150920186387e-01 -4.0321925150494618e-03
8.7302538310339328e-01 -1.2607763150213939e-03
8.7196723900951834e-01 1.6693180729870126e-03
8.7140452765445220e-01 4.7321370953191397e-03
8.7147211821522941e-01 7.8438180313835718e-03
8.7220476188959051e-01 1.0869154880285371e-02
8.7355482578277777e-01 1.3674191199238888e-02
8.7546520003674722e-01 1.6168254287660319e-02
8.7784479440378338e-01 1.8219656958753452e-02
8.8058226215835833e-01 1.9762131548225013e-02
8.8354581279941224e-01 2.0809884904884744e-02
8.8662764019457052e-01 2.1438681191534872e-02
8.8975903295471448e-01 2.1732715474082544e-02
8.9290458600059486e-01 2.1761926871536604e-02
8.9604489105080731e-01 2.1579398465604895e-02
8.9917071497306444e-01 2.1225288012950171e-02
9.0227749499418175e-01 2.0730273855604091e-02
9.0536309139298110e-01 2.0118452441141799e-02
9.0842783377760938e-01 1.9408347063747465e-02
9.1147171885429223e-01 1.8613972169778906e-02
9.1449559135938230e-01 1.7746457334303311e-02
9.1749993600391277e-01 1.6813641176130295e-02
9.2048534594978948e-01 1.5821941087572358e-02
9.2345211687412720e-01 1.4775966901076928e-02
9.2640075718935166e-01 1.3679640223528477e-02
9.2933131136681324e-01 1.2536316633233907e-02
9.3224434495531505e-01 1.1348886875923956e-02
9.3514014473749341e-01 1.0120188551573851e-02
9.3801932004355726e-01 8.8528186299731901e-03
9.4088225989170104e-01 7.5493747402070720e-03
9.4372962801300608e-01 6.2121799345982833e-03
9.4656253706149718e-01 4.8432168641185684e-03
9.4938043060585231e-01 3.4445921296934446e-03
9.5218381762715998e-01 2.0176320352971225e-03
9.5497333695988162e-01 5.6358440609087111e-04
9.5774962161379784e-01 -9.1631431002007655e-04
9.6051268942939727e-01 -2.4205291182736424e-03
9.6326296867540384e-01 -3.9481582035835521e-03
9.6600027520499454e-01 -5.4982873488040613e-03
9.6872495822666771e-01 -7.0703060181782785e-03
9.7143736605668451e-01 -8.6636102213375164e-03
9.7413784413956328e-01 -1.0277600947635206e-02
9.7682628113648051e-01 -1.1911430311021456e-02
9.7950270075835399e-01 -1.3564422198890355e-02
9.8216740501957334e-01 -1.5236095412745006e-02
9.8482069363151381e-01 -1.6925972032522333e-02
9.8746286431443453e-01 -1.8633577313196651e-02
9.9009374691464991e-01 -2.0358132292757233e-02
9.9271386333641454e-01 -2.2099545019486841e-02
9.9532255832069716e-01 -2.3857576431252820e-02
9.9791969168059447e-01 -2.5632430506056333e-02
1.0005051212316733e+00 -2.7424314128391285e-02
1.0030787027298933e+00 -2.9233437179568573e-02
1.0056402513483227e+00 -3.1059984791317195e-02
1.0081891659730744e+00 -3.2903496520222619e-02
1.0107260984052777e+00 -3.4763366225349451e-02
1.0132516558160101e+00 -3.6638765002470486e-02
1.0157662911280867e+00 -3.8528750735532108e-02
1.0182705192379695e+00 -4.0432426509984437e-02
1.0207649602665851e+00 -4.2348976745147850e-02
1.0232502910774461e+00 -4.4277437009894872e-02
1.0257274963184027e+00 -4.6216193701178153e-02
1.0281978609172466e+00 -4.8163613765108720e-02
1.0306626724600672e+00 -5.0118066530480024e-02
1.0331232184125660e+00 -5.2077921478549664e-02
1.0355807861691144e+00 -5.4041548180921509e-02
1.0380364142596532e+00 -5.6007533482397606e-02
1.0404898812364878e+00 -5.7976240195228831e-02
1.0429403362567315e+00 -5.9948669214928280e-02
1.0453869515192977e+00 -6.1925843399989557e-02
1.0478288992406795e+00 -6.3908785723722994e-02
1.0502653515717850e+00 -6.5898519240488784e-02
1.0526955254069210e+00 -6.7895978819837277e-02
1.0551189757576640e+00 -6.9901514323907843e-02
1.0575355213718534e+00 -7.1915328789330948e-02
1.0599449883179299e+00 -7.3937630764638052e-02
1.0623472022488978e+00 -7.5968629296478449e-02
1.0647418620846805e+00 -7.8008425974217782e-02
1.0671289053178610e+00 -8.0057306402935166e-02
1.0695080159027517e+00 -8.2115267947135168e-02
1.0718790684923600e+00 -8.4182454101191281e-02
1.0742419372754539e+00 -8.6259008890944011e-02
1.0765964959581382e+00 -8.8345076894779273e-02
1.0789425484373127e+00 -9.0440752753331938e-02
1.0812797127761504e+00 -9.2546200399307221e-02
1.0836076399642944e+00 -9.4661834222487889e-02
1.0859259611702439e+00 -9.6788060948188218e-02
1.0882341857512217e+00 -9.8925175704081825e-02
1.0905319793780057e+00 -1.0107360767100206e-01
1.0928190368198083e+00 -1.0323346446852233e-01
1.0950952697695495e+00 -1.0540462560647633e-01
1.0973607096609195e+00 -1.0758705825772039e-01
1.0996153866764222e+00 -1.0978073090177405e-01
1.1018593780606123e+00 -1.1198528965884076e-01
1.1040942336575783e+00 -1.1419901505981733e-01
1.1063222461036437e+00 -1.1641962940733278e-01
1.1085456958652455e+00 -1.1864483697364465e-01
1.1107667398266801e+00 -1.2087241517569917e-01
1.1129866379726945e+00 -1.2310113501056101e-01
1.1152061085798728e+00 -1.2533028069930940e-01
1.1174258573437994e+00 -1.2755914933694623e-01
1.1196460008967906e+00 -1.2978762479674510e-01
1.1218656303295662e+00 -1.3201661225107195e-01
1.1240838080505200e+00 -1.3424704456444322e-01
1.1263008966548522e+00 -1.3647855931722452e-01
1.1285182984847382e+00 -1.3870976278969546e-01
1.1307371854777779e+00 -1.4093948900700001e-01
1.1300069391723611e+00 -1.4220432192087495e-01
1.1292766928669444e+00 -1.4346915483475006e-01
1.1285464465615278e+00 -1.4473398774862495e-01
1.1278162002561112e+00 -1.4599882066250000e-01
