33
 1.573008084297000e+01  5.514732040464000e-01  0.000000000000000e+00
 1.563242551626762e+01  5.580976136192218e-01  0.000000000000000e+00
 1.553474644752310e+01  5.643487948287111e-01  0.000000000000000e+00
 1.543704358919874e+01  5.702260003728196e-01  0.000000000000000e+00
 1.533931917085891e+01  5.757283770901286e-01  0.000000000000000e+00
 1.524157443264071e+01  5.808552093675162e-01  0.000000000000000e+00
 1.514381091832803e+01  5.856063162361324e-01  0.000000000000000e+00
 1.504602901511539e+01  5.899819715358557e-01  0.000000000000000e+00
 1.494823173326183e+01  5.939823315992717e-01  0.000000000000000e+00
 1.485041982715703e+01  5.976076465258844e-01  0.000000000000000e+00
 1.475259368008258e+01  6.008581578952191e-01  0.000000000000000e+00
 1.465475670240329e+01  6.037339983412053e-01  0.000000000000000e+00
 1.455690971867963e+01  6.062353823105292e-01  0.000000000000000e+00
 1.445905282855998e+01  6.083625196815956e-01  0.000000000000000e+00
 1.436118906545626e+01  6.101155434086772e-01  0.000000000000000e+00
 1.426331988786478e+01  6.114946205434761e-01  0.000000000000000e+00
 1.416544529825410e+01  6.124999211561596e-01  0.000000000000000e+00
 1.406756758927540e+01  6.131315735394895e-01  0.000000000000000e+00
 1.396968903661428e+01  6.133897096209233e-01  0.000000000000000e+00
 1.387180964056044e+01  6.132744576718885e-01  0.000000000000000e+00
 1.377393086184821e+01  6.127859246941201e-01  0.000000000000000e+00
 1.367605570493191e+01  6.119242251695921e-01  0.000000000000000e+00
 1.357818425942610e+01  6.106894457364165e-01  0.000000000000000e+00
 1.348031734310610e+01  6.090816564202473e-01  0.000000000000000e+00
 1.338245832173714e+01  6.071009648132322e-01  0.000000000000000e+00
 1.328460755865651e+01  6.047474205518991e-01  0.000000000000000e+00
 1.318676541575831e+01  6.020210474199215e-01  0.000000000000000e+00
 1.308893525571468e+01  5.989219441314816e-01  0.000000000000000e+00
 1.299111789882168e+01  5.954501342257524e-01  0.000000000000000e+00
 1.289331343618287e+01  5.916055922915935e-01  0.000000000000000e+00
 1.279552486623471e+01  5.873883937865867e-01  0.000000000000000e+00
 1.269775364820638e+01  5.827985532804393e-01  0.000000000000000e+00
 1.259999978542000e+01  5.778359994292001e-01  0.000000000000000e+00
9
 1.259999978542000e+01  5.778359994292001e-01  0.000000000000000e+00
 1.259999978542000e+01  4.668524977750876e-01  0.000000000000000e+00
 1.259999978542000e+01  3.558689961209751e-01  0.000000000000000e+00
 1.259999978542000e+01  2.448854944668626e-01  0.000000000000000e+00
 1.259999978542000e+01  1.339019928127500e-01  0.000000000000000e+00
 1.259999978542000e+01  2.291849115863737e-02  0.000000000000000e+00
 1.259999978542000e+01 -8.806501049547491e-02  0.000000000000000e+00
 1.259999978542000e+01 -1.990485121495875e-01  0.000000000000000e+00
 1.259999978542000e+01 -3.100320138037000e-01  0.000000000000000e+00
201
 1.259999978542000e+01 -3.100320138037000e-01  0.000000000000000e+00
 1.254084133267150e+01 -3.207849622529970e-01  0.000000000000000e+00
 1.248170568762117e+01 -3.316605985829155e-01  0.000000000000000e+00
 1.242258878943530e+01 -3.426370786301952e-01  0.000000000000000e+00
 1.236348657743426e+01 -3.536925590604631e-01  0.000000000000000e+00
 1.230439499106702e+01 -3.648051972310672e-01  0.000000000000000e+00
 1.224530996988562e+01 -3.759531510539278e-01  0.000000000000000e+00
 1.218622744094966e+01 -3.871145812959058e-01  0.000000000000000e+00
 1.212714335602686e+01 -3.982676446446839e-01  0.000000000000000e+00
 1.206805365783082e+01 -4.093904995837510e-01  0.000000000000000e+00
 1.200895428778517e+01 -4.204613044651506e-01  0.000000000000000e+00
 1.194984118718066e+01 -4.314582169257511e-01  0.000000000000000e+00
 1.189071029710955e+01 -4.423593935344351e-01  0.000000000000000e+00
 1.183155755840018e+01 -4.531429894392489e-01  0.000000000000000e+00
 1.177237913000578e+01 -4.637872180845009e-01  0.000000000000000e+00
 1.171318083563537e+01 -4.743158719786439e-01  0.000000000000000e+00
 1.165398491284782e+01 -4.848579447683155e-01  0.000000000000000e+00
 1.159479747181456e+01 -4.954474451685746e-01  0.000000000000000e+00
 1.153561487442235e+01 -5.060639917175034e-01  0.000000000000000e+00
 1.147643341066098e+01 -5.166868682871567e-01  0.000000000000000e+00
 1.141724937030773e+01 -5.272953587812328e-01  0.000000000000000e+00
 1.135805901533562e+01 -5.378687522204317e-01  0.000000000000000e+00
 1.129885874866721e+01 -5.483863128717339e-01  0.000000000000000e+00
 1.123964489193141e+01 -5.588273203953814e-01  0.000000000000000e+00
 1.118040838024068e+01 -5.691750129264205e-01  0.000000000000000e+00
 1.112115575687227e+01 -5.794229645061284e-01  0.000000000000000e+00
 1.106188693290812e+01 -5.895694587306798e-01  0.000000000000000e+00
 1.100260163912630e+01 -5.996128095688869e-01  0.000000000000000e+00
 1.094329960608532e+01 -6.095513296252171e-01  0.000000000000000e+00
 1.088398056411532e+01 -6.193833300741148e-01  0.000000000000000e+00
 1.082464424330770e+01 -6.291071205944982e-01  0.000000000000000e+00
 1.076529037350466e+01 -6.387210093041971e-01  0.000000000000000e+00
 1.070591868428862e+01 -6.482233026942857e-01  0.000000000000000e+00
 1.064652890497177e+01 -6.576123055633176e-01  0.000000000000000e+00
 1.058712076458549e+01 -6.668863209514321e-01  0.000000000000000e+00
 1.052769399186985e+01 -6.760436500743485e-01  0.000000000000000e+00
 1.046824831526304e+01 -6.850825922572359e-01  0.000000000000000e+00
 1.040878346289090e+01 -6.940014448684289e-01  0.000000000000000e+00
 1.034929916255622e+01 -7.027985032530362e-01  0.000000000000000e+00
 1.028979514172686e+01 -7.114720606665645e-01  0.000000000000000e+00
 1.023027118407235e+01 -7.200204001487273e-01  0.000000000000000e+00
 1.017073636506741e+01 -7.284404990242903e-01  0.000000000000000e+00
 1.011117994003846e+01 -7.367321557893570e-01  0.000000000000000e+00
 1.005159817158655e+01 -7.448943990095372e-01  0.000000000000000e+00
 9.992000912289646e+00 -7.529249012875158e-01  0.000000000000000e+00
 9.932388058446108e+00 -7.608227807199928e-01  0.000000000000000e+00
 9.872759505997532e+00 -7.685871523284316e-01  0.000000000000000e+00
 9.813115150514578e+00 -7.762171280062011e-01  0.000000000000000e+00
 9.753454887194358e+00 -7.837118164638651e-01  0.000000000000000e+00
 9.693778610853364e+00 -7.910703231747206e-01  0.000000000000000e+00
 9.634086215920957e+00 -7.982917503199236e-01  0.000000000000000e+00
 9.574377596432941e+00 -8.053751967332553e-01  0.000000000000000e+00
 9.514652646024921e+00 -8.123197578455353e-01  0.000000000000000e+00
 9.454911257925826e+00 -8.191245256286653e-01  0.000000000000000e+00
 9.395153324951229e+00 -8.257885885392955e-01  0.000000000000000e+00
 9.335378739496685e+00 -8.323110314621074e-01  0.000000000000000e+00
 9.275587393531030e+00 -8.386909356526959e-01  0.000000000000000e+00
 9.215779178590518e+00 -8.449273786799543e-01  0.000000000000000e+00
 9.155953985767429e+00 -8.510194343686068e-01  0.000000000000000e+00
 9.096111705712387e+00 -8.569661727398976e-01  0.000000000000000e+00
 9.036252369935685e+00 -8.627666464351527e-01  0.000000000000000e+00
 8.976389887557559e+00 -8.684186285360995e-01  0.000000000000000e+00
 8.916512472330073e+00 -8.739230037959077e-01  0.000000000000000e+00
 8.856622898121998e+00 -8.792801063484149e-01  0.000000000000000e+00
 8.796721218614108e+00 -8.844905863741391e-01  0.000000000000000e+00
 8.736807487258696e+00 -8.895550913019132e-01  0.000000000000000e+00
 8.676881757283416e+00 -8.944742658388489e-01  0.000000000000000e+00
 8.616944081693759e+00 -8.992487520002039e-01  0.000000000000000e+00
 8.556994513274049e+00 -9.038791891391427e-01  0.000000000000000e+00
 8.497033104594371e+00 -9.083662139758247e-01  0.000000000000000e+00
 8.437059908007281e+00 -9.127104606270731e-01  0.000000000000000e+00
 8.377076359134401e+00 -9.169125149809413e-01  0.000000000000000e+00
 8.317084378844806e+00 -9.209731630672875e-01  0.000000000000000e+00
 8.257084032759845e+00 -9.248933865058527e-01  0.000000000000000e+00
 8.197075379204399e+00 -9.286741642717242e-01  0.000000000000000e+00
 8.137058476315888e+00 -9.323164722393457e-01  0.000000000000000e+00
 8.077033382050230e+00 -9.358212832352023e-01  0.000000000000000e+00
 8.017000154185027e+00 -9.391895670904067e-01  0.000000000000000e+00
 7.956958850322616e+00 -9.424222906930056e-01  0.000000000000000e+00
 7.896909527893247e+00 -9.455204180399984e-01  0.000000000000000e+00
 7.836852259351390e+00 -9.484849095560125e-01  0.000000000000000e+00
 7.776789612960152e+00 -9.513166080883464e-01  0.000000000000000e+00
 7.716721848338107e+00 -9.540164769831568e-01  0.000000000000000e+00
 7.656649003199879e+00 -9.565854876556654e-01  0.000000000000000e+00
 7.596571115141096e+00 -9.590246084517482e-01  0.000000000000000e+00
 7.536488221640379e+00 -9.613348047035540e-01  0.000000000000000e+00
 7.476400360061492e+00 -9.635170387848060e-01  0.000000000000000e+00
 7.416307567655463e+00 -9.655722701658074e-01  0.000000000000000e+00
 7.356209881562738e+00 -9.675014554681599e-01  0.000000000000000e+00
 7.296107082827794e+00 -9.693055566950455e-01  0.000000000000000e+00
 7.236000475874365e+00 -9.709855539827607e-01  0.000000000000000e+00
 7.175891617228215e+00 -9.725425410841227e-01  0.000000000000000e+00
 7.115780527954799e+00 -9.739776688137155e-01  0.000000000000000e+00
 7.055667229087541e+00 -9.752920862293937e-01  0.000000000000000e+00
 6.995551741628445e+00 -9.764869406722966e-01  0.000000000000000e+00
 6.935434086548804e+00 -9.775633778067581e-01  0.000000000000000e+00
 6.875314284789967e+00 -9.785225416601078e-01  0.000000000000000e+00
 6.815192357264038e+00 -9.793655746623786e-01  0.000000000000000e+00
 6.755068324854598e+00 -9.800936176859149e-01  0.000000000000000e+00
 6.694942208417467e+00 -9.807078100848917e-01  0.000000000000000e+00
 6.634814065896553e+00 -9.812092894597559e-01  0.000000000000000e+00
 6.574687189615911e+00 -9.815991742533804e-01  0.000000000000000e+00
 6.514560185747454e+00 -9.818786229212971e-01  0.000000000000000e+00
 6.454433055612614e+00 -9.820487792602459e-01  0.000000000000000e+00
 6.394305800530892e+00 -9.821107853909298e-01  0.000000000000000e+00
 6.334178421819908e+00 -9.820657818014195e-01  0.000000000000000e+00
 6.274050920795438e+00 -9.819149073904498e-01  0.000000000000000e+00
 6.213923263496662e+00 -9.816592993473190e-01  0.000000000000000e+00
 6.153795840221961e+00 -9.813001361715499e-01  0.000000000000000e+00
 6.093669676218436e+00 -9.808387293004827e-01  0.000000000000000e+00
 6.033544755084398e+00 -9.802764104330491e-01  0.000000000000000e+00
 5.973421060427760e+00 -9.796145104875378e-01  0.000000000000000e+00
 5.913298575865751e+00 -9.788543596266136e-01  0.000000000000000e+00
 5.853177285024590e+00 -9.779972872823075e-01  0.000000000000000e+00
 5.793057171539193e+00 -9.770446221809881e-01  0.000000000000000e+00
 5.732938219052859e+00 -9.759976923683068e-01  0.000000000000000e+00
 5.672820713319648e+00 -9.748578287505312e-01  0.000000000000000e+00
 5.612705913945685e+00 -9.736260331235020e-01  0.000000000000000e+00
 5.552593185102471e+00 -9.723025574140611e-01  0.000000000000000e+00
 5.492482522814339e+00 -9.708875776588520e-01  0.000000000000000e+00
 5.432373876587074e+00 -9.693812679645097e-01  0.000000000000000e+00
 5.372265464787909e+00 -9.677837541093476e-01  0.000000000000000e+00
 5.312160275174949e+00 -9.660952879786028e-01  0.000000000000000e+00
 5.252058301428848e+00 -9.643160479482791e-01  0.000000000000000e+00
 5.191959537256746e+00 -9.624462116459096e-01  0.000000000000000e+00
 5.131863976392183e+00 -9.604859559542199e-01  0.000000000000000e+00
 5.071771612594951e+00 -9.584354570147617e-01  0.000000000000000e+00
 5.011682439650974e+00 -9.562948902315198e-01  0.000000000000000e+00
 4.951596451372186e+00 -9.540644302744942e-01  0.000000000000000e+00
 4.891513641596388e+00 -9.517442510832532e-01  0.000000000000000e+00
 4.831434004187138e+00 -9.493345258704637e-01  0.000000000000000e+00
 4.771357533033620e+00 -9.468354271253949e-01  0.000000000000000e+00
 4.711284222050522e+00 -9.442471266173936e-01  0.000000000000000e+00
 4.651214486297133e+00 -9.415698111289443e-01  0.000000000000000e+00
 4.591150271751613e+00 -9.388031569632057e-01  0.000000000000000e+00
 4.531090662306123e+00 -9.359454671539000e-01  0.000000000000000e+00
 4.471035749731457e+00 -9.329949275357649e-01  0.000000000000000e+00
 4.410985625876137e+00 -9.299497224068037e-01  0.000000000000000e+00
 4.350940382670324e+00 -9.268080344511077e-01  0.000000000000000e+00
 4.290900112129733e+00 -9.235680446615525e-01  0.000000000000000e+00
 4.230864889608183e+00 -9.202279313162145e-01  0.000000000000000e+00
 4.170834782228098e+00 -9.167858702473048e-01  0.000000000000000e+00
 4.110811335735357e+00 -9.132401238220096e-01  0.000000000000000e+00
 4.050794666889320e+00 -9.095888745291945e-01  0.000000000000000e+00
 3.990784892554831e+00 -9.058303032159238e-01  0.000000000000000e+00
 3.930782129706699e+00 -9.019625890175512e-01  0.000000000000000e+00
 3.870786495434194e+00 -8.979839092876913e-01  0.000000000000000e+00
 3.810798106945543e+00 -8.938924395280631e-01  0.000000000000000e+00
 3.750817081572467e+00 -8.896863533182018e-01  0.000000000000000e+00
 3.690843421047535e+00 -8.853638483682441e-01  0.000000000000000e+00
 3.630878297967380e+00 -8.809255279488700e-01  0.000000000000000e+00
 3.570922310809796e+00 -8.763757062873535e-01  0.000000000000000e+00
 3.510975083876706e+00 -8.717189686682032e-01  0.000000000000000e+00
 3.451036241455448e+00 -8.669599005535147e-01  0.000000000000000e+00
 3.391105407822633e+00 -8.621030875366256e-01  0.000000000000000e+00
 3.331182207247900e+00 -8.571531152957657e-01  0.000000000000000e+00
 3.271266263997738e+00 -8.521145695477169e-01  0.000000000000000e+00
 3.211357202339270e+00 -8.469920360014751e-01  0.000000000000000e+00
 3.151454646544059e+00 -8.417901003119209e-01  0.000000000000000e+00
 3.091558220891887e+00 -8.365133480334954e-01  0.000000000000000e+00
 3.031667594644817e+00 -8.311663686141966e-01  0.000000000000000e+00
 2.971784372418516e+00 -8.257539274417174e-01  0.000000000000000e+00
 2.911906730459073e+00 -8.202804824120513e-01  0.000000000000000e+00
 2.852034249654880e+00 -8.147506152817415e-01  0.000000000000000e+00
 2.792161616716322e+00 -8.091660127984626e-01  0.000000000000000e+00
 2.732295145760610e+00 -8.035104489628585e-01  0.000000000000000e+00
 2.672439113618901e+00 -7.977586017758875e-01  0.000000000000000e+00
 2.612596286668229e+00 -7.918849553072176e-01  0.000000000000000e+00
 2.552769431907798e+00 -7.858639878879021e-01  0.000000000000000e+00
 2.492961317336361e+00 -7.796701686295867e-01  0.000000000000000e+00
 2.433174712329863e+00 -7.732779539412328e-01  0.000000000000000e+00
 2.373412388019497e+00 -7.666617840420253e-01  0.000000000000000e+00
 2.313677117670351e+00 -7.597960794691410e-01  0.000000000000000e+00
 2.253971677060705e+00 -7.526552375790226e-01  0.000000000000000e+00
 2.194298844862210e+00 -7.452136290408338e-01  0.000000000000000e+00
 2.134661403021069e+00 -7.374455943207432e-01  0.000000000000000e+00
 2.075078997821398e+00 -7.293404704708205e-01  0.000000000000000e+00
 2.015537077958986e+00 -7.209707169020145e-01  0.000000000000000e+00
 1.956017196214263e+00 -7.124451073912121e-01  0.000000000000000e+00
 1.896503902151336e+00 -7.038729090851776e-01  0.000000000000000e+00
 1.836984634343928e+00 -6.953434885214581e-01  0.000000000000000e+00
 1.777464312780695e+00 -6.868199603215427e-01  0.000000000000000e+00
 1.717955705472122e+00 -6.782162392924117e-01  0.000000000000000e+00
 1.658471408597123e+00 -6.694460951742616e-01  0.000000000000000e+00
 1.599024055478506e+00 -6.604241947639424e-01  0.000000000000000e+00
 1.539622159329265e+00 -6.511112316797572e-01  0.000000000000000e+00
 1.480262312145702e+00 -6.415346805164843e-01  0.000000000000000e+00
 1.420939512499921e+00 -6.317262656465785e-01  0.000000000000000e+00
 1.361657123446132e+00 -6.216796950051303e-01  0.000000000000000e+00
 1.302425946344098e+00 -6.113372498854099e-01  0.000000000000000e+00
 1.243257284647802e+00 -6.006384963503982e-01  0.000000000000000e+00
 1.184156037604705e+00 -5.895755830053173e-01  0.000000000000000e+00
 1.125109440801322e+00 -5.782268729743357e-01  0.000000000000000e+00
 1.066101399190908e+00 -5.666754570684056e-01  0.000000000000000e+00
 1.007207932729233e+00 -5.545572171736977e-01  0.000000000000000e+00
 9.494587650878302e-01 -5.379748737412681e-01  0.000000000000000e+00
 8.981968803683356e-01 -5.068466583172235e-01  0.000000000000000e+00
 8.550421663311265e-01 -4.650696656451578e-01  0.000000000000000e+00
 8.212284021391849e-01 -4.154406179226385e-01  0.000000000000000e+00
 7.985061233614441e-01 -3.598577195723812e-01  0.000000000000000e+00
 7.886160537601000e-01 -3.006360009313000e-01  0.000000000000000e+00
401
 7.886160537601000e-01 -3.006360009313000e-01  0.000000000000000e+00
 7.895923847699647e-01 -2.620816483067188e-01  0.000000000000000e+00
 7.943103007369340e-01 -2.237959395424116e-01  0.000000000000000e+00
 8.024447596884378e-01 -1.860876846293746e-01  0.000000000000000e+00
 8.137042676306556e-01 -1.492003705005619e-01  0.000000000000000e+00
 8.278480375216293e-01 -1.133296376220918e-01  0.000000000000000e+00
 8.446597915607196e-01 -7.856942792201652e-02  0.000000000000000e+00
 8.637792226632495e-01 -4.507362215471357e-02  0.000000000000000e+00
 8.849273528928361e-01 -1.276764670945224e-02  0.000000000000000e+00
 9.077511212841680e-01  1.831691015601397e-02  0.000000000000000e+00
 9.320111812051183e-01  4.830252546927644e-02  0.000000000000000e+00
 9.575523446263463e-01  7.727273967529932e-02  0.000000000000000e+00
 9.841710833186115e-01  1.051846490898082e-01  0.000000000000000e+00
 1.011773913088980e+00  1.321239520317244e-01  0.000000000000000e+00
 1.040275182369921e+00  1.581753004900393e-01  0.000000000000000e+00
 1.069504027409637e+00  1.833365621921464e-01  0.000000000000000e+00
 1.099436135833154e+00  2.076961590010576e-01  0.000000000000000e+00
 1.129965861900625e+00  2.312626575932786e-01  0.000000000000000e+00
 1.161047008696837e+00  2.540939681310322e-01  0.000000000000000e+00
 1.192636459600007e+00  2.762475763482324e-01  0.000000000000000e+00
 1.224656363569044e+00  2.977526671074076e-01  0.000000000000000e+00
 1.257078127522266e+00  3.186479258525578e-01  0.000000000000000e+00
 1.289862790718604e+00  3.389541393119364e-01  0.000000000000000e+00
 1.322989564512357e+00  3.587036978878992e-01  0.000000000000000e+00
 1.356436737308115e+00  3.779273870927496e-01  0.000000000000000e+00
 1.390163399842008e+00  3.966386777650689e-01  0.000000000000000e+00
 1.424151281634527e+00  4.148593860485322e-01  0.000000000000000e+00
 1.458387468298791e+00  4.326137657814058e-01  0.000000000000000e+00
 1.492859246486237e+00  4.499256932473945e-01  0.000000000000000e+00
 1.527533829617003e+00  4.668076811554390e-01  0.000000000000000e+00
 1.562403906668338e+00  4.832781172984354e-01  0.000000000000000e+00
 1.597459983760359e+00  4.993518749569141e-01  0.000000000000000e+00
 1.632687712250085e+00  5.150415997729967e-01  0.000000000000000e+00
 1.668080790082025e+00  5.303635144894574e-01  0.000000000000000e+00
 1.703626857764617e+00  5.453294806212540e-01  0.000000000000000e+00
 1.739313034141493e+00  5.599479755745177e-01  0.000000000000000e+00
 1.775134670571051e+00  5.742305280318984e-01  0.000000000000000e+00
 1.811087165775080e+00  5.881885492142616e-01  0.000000000000000e+00
 1.847161183963633e+00  6.018314650264499e-01  0.000000000000000e+00
 1.883345998305359e+00  6.151665216636034e-01  0.000000000000000e+00
 1.919640202151349e+00  6.282028945506990e-01  0.000000000000000e+00
 1.956037434657487e+00  6.409478455804212e-01  0.000000000000000e+00
 1.992532523017797e+00  6.534090727635652e-01  0.000000000000000e+00
 2.029123649662813e+00  6.655951180559049e-01  0.000000000000000e+00
 2.065801356562246e+00  6.775104407577358e-01  0.000000000000000e+00
 2.102562988927608e+00  6.891612350095816e-01  0.000000000000000e+00
 2.139406530888588e+00  7.005538547230048e-01  0.000000000000000e+00
 2.176329756093886e+00  7.116945366781582e-01  0.000000000000000e+00
 2.213325524402903e+00  7.225870728462892e-01  0.000000000000000e+00
 2.250390660410564e+00  7.332341911427682e-01  0.000000000000000e+00
 2.287524304393549e+00  7.436389332049935e-01  0.000000000000000e+00
 2.324725612132906e+00  7.538042858169192e-01  0.000000000000000e+00
 2.361992426852221e+00  7.637330720571210e-01  0.000000000000000e+00
 2.399317520934447e+00  7.734323577459655e-01  0.000000000000000e+00
 2.436697022949437e+00  7.829157644514405e-01  0.000000000000000e+00
 2.474127410904709e+00  7.921972666825821e-01  0.000000000000000e+00
 2.511605160655635e+00  8.012908474876453e-01  0.000000000000000e+00
 2.549128658920305e+00  8.102006376192444e-01  0.000000000000000e+00
 2.586708295134372e+00  8.188607639250273e-01  0.000000000000000e+00
 2.624364878479553e+00  8.271763276876001e-01  0.000000000000000e+00
 2.662119676278638e+00  8.350520956958540e-01  0.000000000000000e+00
 2.699979273556423e+00  8.423896109180080e-01  0.000000000000000e+00
 2.737967727389599e+00  8.491063823010787e-01  0.000000000000000e+00
 2.776049766597282e+00  8.552186030738474e-01  0.000000000000000e+00
 2.814207377393743e+00  8.608018218633973e-01  0.000000000000000e+00
 2.852429597589138e+00  8.659327741478235e-01  0.000000000000000e+00
 2.890705523454168e+00  8.706877861311747e-01  0.000000000000000e+00
 2.929020421222222e+00  8.751422844511342e-01  0.000000000000000e+00
 2.967354594306867e+00  8.793572755076874e-01  0.000000000000000e+00
 3.005708848157936e+00  8.833734569124708e-01  0.000000000000000e+00
 3.044079336966658e+00  8.872289040997595e-01  0.000000000000000e+00
 3.082462212225671e+00  8.909617192211461e-01  0.000000000000000e+00
 3.120853623481758e+00  8.946100236932408e-01  0.000000000000000e+00
 3.159249616479728e+00  8.982119335964349e-01  0.000000000000000e+00
 3.197646393771211e+00  9.017964843001134e-01  0.000000000000000e+00
 3.236044520139549e+00  9.053663577739314e-01  0.000000000000000e+00
 3.274444202063244e+00  9.089193076428309e-01  0.000000000000000e+00
 3.312845646018002e+00  9.124530875622909e-01  0.000000000000000e+00
 3.351249058481095e+00  9.159654511707604e-01  0.000000000000000e+00
 3.389654645935730e+00  9.194541520420996e-01  0.000000000000000e+00
 3.428062614875424e+00  9.229169436380200e-01  0.000000000000000e+00
 3.466473244832293e+00  9.263515857618362e-01  0.000000000000000e+00
 3.504886502741207e+00  9.297558101943801e-01  0.000000000000000e+00
 3.543302576191609e+00  9.331273685498894e-01  0.000000000000000e+00
 3.581721658944551e+00  9.364640128012987e-01  0.000000000000000e+00
 3.620143944781261e+00  9.397634946874192e-01  0.000000000000000e+00
 3.658569627506607e+00  9.430235656728123e-01  0.000000000000000e+00
 3.696998900952562e+00  9.462419769076535e-01  0.000000000000000e+00
 3.735431958981645e+00  9.494164791875843e-01  0.000000000000000e+00
 3.773871009423784e+00  9.525455124031234e-01  0.000000000000000e+00
 3.812313247153265e+00  9.556292741375553e-01  0.000000000000000e+00
 3.850758580552513e+00  9.586687449879593e-01  0.000000000000000e+00
 3.889206940966641e+00  9.616649072249159e-01  0.000000000000000e+00
 3.927658259754787e+00  9.646187429185769e-01  0.000000000000000e+00
 3.966112468289499e+00  9.675312339469916e-01  0.000000000000000e+00
 4.004569497956178e+00  9.704033620044343e-01  0.000000000000000e+00
 4.043029280152492e+00  9.732361086097293e-01  0.000000000000000e+00
 4.081491746287780e+00  9.760304551145649e-01  0.000000000000000e+00
 4.119956827782494e+00  9.787873827118148e-01  0.000000000000000e+00
 4.158424456067591e+00  9.815078724438482e-01  0.000000000000000e+00
 4.196894562583977e+00  9.841929052108437e-01  0.000000000000000e+00
 4.235367078781914e+00  9.868434617790958e-01  0.000000000000000e+00
 4.273841936120434e+00  9.894605227893218e-01  0.000000000000000e+00
 4.312319066066773e+00  9.920450687649675e-01  0.000000000000000e+00
 4.350798400095788e+00  9.945980801205090e-01  0.000000000000000e+00
 4.389279869689362e+00  9.971205371697527e-01  0.000000000000000e+00
 4.427763406335834e+00  9.996134201341366e-01  0.000000000000000e+00
 4.466248941529424e+00  1.002077709151028e+00  0.000000000000000e+00
 4.504736406769652e+00  1.004514384282022e+00  0.000000000000000e+00
 4.543225733560738e+00  1.006924425521236e+00  0.000000000000000e+00
 4.581716853411063e+00  1.009308812803607e+00  0.000000000000000e+00
 4.620209697832538e+00  1.011668526013190e+00  0.000000000000000e+00
 4.658704198340078e+00  1.014004544991447e+00  0.000000000000000e+00
 4.697198807675162e+00  1.016317533864675e+00  0.000000000000000e+00
 4.735694548827461e+00  1.018606910818706e+00  0.000000000000000e+00
 4.774191718326469e+00  1.020871515249276e+00  0.000000000000000e+00
 4.812690383950723e+00  1.023110171639584e+00  0.000000000000000e+00
 4.851190613482035e+00  1.025321704416320e+00  0.000000000000000e+00
 4.889692474705703e+00  1.027504937945387e+00  0.000000000000000e+00
 4.928196035410794e+00  1.029658696527643e+00  0.000000000000000e+00
 4.966701363390344e+00  1.031781804394626e+00  0.000000000000000e+00
 5.005208372293985e+00  1.033873077398174e+00  0.000000000000000e+00
 5.043717113940894e+00  1.035931339175775e+00  0.000000000000000e+00
 5.082227652799179e+00  1.037955414027736e+00  0.000000000000000e+00
 5.120740050684935e+00  1.039944126075670e+00  0.000000000000000e+00
 5.159254430949094e+00  1.041896303245448e+00  0.000000000000000e+00
 5.197771041657640e+00  1.043811359310560e+00  0.000000000000000e+00
 5.236289265286078e+00  1.045690281192425e+00  0.000000000000000e+00
 5.274809044045131e+00  1.047534363542037e+00  0.000000000000000e+00
 5.313330320151718e+00  1.049344900871391e+00  0.000000000000000e+00
 5.351853035828557e+00  1.051123187562880e+00  0.000000000000000e+00
 5.390377133303725e+00  1.052870517878700e+00  0.000000000000000e+00
 5.428902554810247e+00  1.054588185970240e+00  0.000000000000000e+00
 5.467429242585672e+00  1.056277485887481e+00  0.000000000000000e+00
 5.505957138871654e+00  1.057939711588391e+00  0.000000000000000e+00
 5.544486185913543e+00  1.059576156948311e+00  0.000000000000000e+00
 5.583016325959949e+00  1.061188115769351e+00  0.000000000000000e+00
 5.621547501262338e+00  1.062776881789782e+00  0.000000000000000e+00
 5.660079654074604e+00  1.064343748693418e+00  0.000000000000000e+00
 5.698612684791875e+00  1.065890000078509e+00  0.000000000000000e+00
 5.737146398854747e+00  1.067416295154987e+00  0.000000000000000e+00
 5.775680846724144e+00  1.068922265814065e+00  0.000000000000000e+00
 5.814216045300446e+00  1.070407443961539e+00  0.000000000000000e+00
 5.852752011484599e+00  1.071871361487898e+00  0.000000000000000e+00
 5.891288762178134e+00  1.073313550267418e+00  0.000000000000000e+00
 5.929826314283198e+00  1.074733542157247e+00  0.000000000000000e+00
 5.968364684702584e+00  1.076130868996503e+00  0.000000000000000e+00
 6.006903890339776e+00  1.077505062605362e+00  0.000000000000000e+00
 6.045443948098971e+00  1.078855654784153e+00  0.000000000000000e+00
 6.083984874885115e+00  1.080182177312446e+00  0.000000000000000e+00
 6.122526687603942e+00  1.081484161948145e+00  0.000000000000000e+00
 6.161069403161993e+00  1.082761140426578e+00  0.000000000000000e+00
 6.199613038466655e+00  1.084012644459594e+00  0.000000000000000e+00
 6.238157470741317e+00  1.085238212827808e+00  0.000000000000000e+00
 6.276702573982111e+00  1.086437646099642e+00  0.000000000000000e+00
 6.315248439869363e+00  1.087611011775701e+00  0.000000000000000e+00
 6.353795066190442e+00  1.088758385484637e+00  0.000000000000000e+00
 6.392342450734112e+00  1.089879842807418e+00  0.000000000000000e+00
 6.430890591290526e+00  1.090975459277670e+00  0.000000000000000e+00
 6.469439485651208e+00  1.092045310382022e+00  0.000000000000000e+00
 6.507989131609047e+00  1.093089471560439e+00  0.000000000000000e+00
 6.546540158391903e+00  1.094108034680261e+00  0.000000000000000e+00
 6.585091716981589e+00  1.095101052302903e+00  0.000000000000000e+00
 6.623643783476471e+00  1.096068599623204e+00  0.000000000000000e+00
 6.662196356366130e+00  1.097010752385057e+00  0.000000000000000e+00
 6.700749434141151e+00  1.097927586282758e+00  0.000000000000000e+00
 6.739303015293080e+00  1.098819176961363e+00  0.000000000000000e+00
 6.777857098314453e+00  1.099685600017042e+00  0.000000000000000e+00
 6.816411681698769e+00  1.100526930997438e+00  0.000000000000000e+00
 6.854966763940487e+00  1.101343245402024e+00  0.000000000000000e+00
 6.893522343535014e+00  1.102134618682453e+00  0.000000000000000e+00
 6.932078418978719e+00  1.102901126242921e+00  0.000000000000000e+00
 6.970634988768898e+00  1.103642843440513e+00  0.000000000000000e+00
 7.009192051403774e+00  1.104359845585567e+00  0.000000000000000e+00
 7.047749605382513e+00  1.105052207942017e+00  0.000000000000000e+00
 7.086307649205184e+00  1.105720005727757e+00  0.000000000000000e+00
 7.124866181372779e+00  1.106363314114987e+00  0.000000000000000e+00
 7.163425200387178e+00  1.106982208230570e+00  0.000000000000000e+00
 7.201984704751174e+00  1.107576763156382e+00  0.000000000000000e+00
 7.240544692968445e+00  1.108147053929663e+00  0.000000000000000e+00
 7.279105163543546e+00  1.108693155543375e+00  0.000000000000000e+00
 7.317666096231207e+00  1.109215142678171e+00  0.000000000000000e+00
 7.356227185017097e+00  1.109713064373634e+00  0.000000000000000e+00
 7.394788449304453e+00  1.110186910269198e+00  0.000000000000000e+00
 7.433349889255269e+00  1.110636658141062e+00  0.000000000000000e+00
 7.471911505031843e+00  1.111062285724775e+00  0.000000000000000e+00
 7.510473296796771e+00  1.111463770715134e+00  0.000000000000000e+00
 7.549035264712950e+00  1.111841090766098e+00  0.000000000000000e+00
 7.587597408943565e+00  1.112194223490687e+00  0.000000000000000e+00
 7.626159729652112e+00  1.112523146460893e+00  0.000000000000000e+00
 7.664722227002368e+00  1.112827837207577e+00  0.000000000000000e+00
 7.703284901158439e+00  1.113108273220381e+00  0.000000000000000e+00
 7.741847752284705e+00  1.113364431947629e+00  0.000000000000000e+00
 7.780410780545862e+00  1.113596290796229e+00  0.000000000000000e+00
 7.818973986106904e+00  1.113803827131582e+00  0.000000000000000e+00
 7.857537369133137e+00  1.113987018277479e+00  0.000000000000000e+00
 7.896100929790160e+00  1.114145841516008e+00  0.000000000000000e+00
 7.934664668243883e+00  1.114280274087456e+00  0.000000000000000e+00
 7.973228584660509e+00  1.114390293190210e+00  0.000000000000000e+00
 8.011792679206572e+00  1.114475875980661e+00  0.000000000000000e+00
 8.050356952048890e+00  1.114536999573103e+00  0.000000000000000e+00
 8.088920799107516e+00  1.114573640657438e+00  0.000000000000000e+00
 8.127484586839827e+00  1.114585777414701e+00  0.000000000000000e+00
 8.166048327618125e+00  1.114573387279817e+00  0.000000000000000e+00
 8.204612021399093e+00  1.114536447630819e+00  0.000000000000000e+00
 8.243175668139354e+00  1.114474935804493e+00  0.000000000000000e+00
 8.281739267795443e+00  1.114388829096286e+00  0.000000000000000e+00
 8.320302820323814e+00  1.114278104760202e+00  0.000000000000000e+00
 8.358866325680848e+00  1.114142740008717e+00  0.000000000000000e+00
 8.397429783822837e+00  1.113982712012674e+00  0.000000000000000e+00
 8.435993201424004e+00  1.113797997867165e+00  0.000000000000000e+00
 8.474556685884172e+00  1.113588585806589e+00  0.000000000000000e+00
 8.513119929947218e+00  1.113354509404776e+00  0.000000000000000e+00
 8.551682934022345e+00  1.113095810645638e+00  0.000000000000000e+00
 8.590245698518517e+00  1.112812531489313e+00  0.000000000000000e+00
 8.628808223844480e+00  1.112504713872279e+00  0.000000000000000e+00
 8.667370510408755e+00  1.112172399707443e+00  0.000000000000000e+00
 8.705932558619615e+00  1.111815630884244e+00  0.000000000000000e+00
 8.744494368885118e+00  1.111434449268753e+00  0.000000000000000e+00
 8.783055941613096e+00  1.111028896703772e+00  0.000000000000000e+00
 8.821617277211159e+00  1.110599015008931e+00  0.000000000000000e+00
 8.860178376086679e+00  1.110144845980793e+00  0.000000000000000e+00
 8.898739238646822e+00  1.109666431392947e+00  0.000000000000000e+00
 8.937299865298511e+00  1.109163812996108e+00  0.000000000000000e+00
 8.975860256448463e+00  1.108637032518221e+00  0.000000000000000e+00
 9.014420416227919e+00  1.108086130406790e+00  0.000000000000000e+00
 9.052980188777699e+00  1.107511095288662e+00  0.000000000000000e+00
 9.091539494555249e+00  1.106911839858336e+00  0.000000000000000e+00
 9.130098331749920e+00  1.106288270163770e+00  0.000000000000000e+00
 9.168656698550114e+00  1.105640292203730e+00  0.000000000000000e+00
 9.207214593143300e+00  1.104967811927301e+00  0.000000000000000e+00
 9.245772013715952e+00  1.104270735233394e+00  0.000000000000000e+00
 9.284328958453585e+00  1.103548967970251e+00  0.000000000000000e+00
 9.322885425540743e+00  1.102802415934952e+00  0.000000000000000e+00
 9.361441413160936e+00  1.102030984872920e+00  0.000000000000000e+00
 9.399996919496708e+00  1.101234580477428e+00  0.000000000000000e+00
 9.438551942729566e+00  1.100413108389103e+00  0.000000000000000e+00
 9.477106481039998e+00  1.099566474195427e+00  0.000000000000000e+00
 9.515660532607455e+00  1.098694583430246e+00  0.000000000000000e+00
 9.554214095610353e+00  1.097797341573270e+00  0.000000000000000e+00
 9.592767168226048e+00  1.096874654049575e+00  0.000000000000000e+00
 9.631319569002542e+00  1.095926430706868e+00  0.000000000000000e+00
 9.669871226653116e+00  1.094952578996468e+00  0.000000000000000e+00
 9.708422139625663e+00  1.093953004670608e+00  0.000000000000000e+00
 9.746972305191044e+00  1.092927613459537e+00  0.000000000000000e+00
 9.785521720618636e+00  1.091876311042518e+00  0.000000000000000e+00
 9.824070383176348e+00  1.090799003047363e+00  0.000000000000000e+00
 9.862618290130564e+00  1.089695595049950e+00  0.000000000000000e+00
 9.901165438746148e+00  1.088565992573761e+00  0.000000000000000e+00
 9.939711826286455e+00  1.087410101089398e+00  0.000000000000000e+00
 9.978257450013286e+00  1.086227826014115e+00  0.000000000000000e+00
 1.001680230718687e+01  1.085019072711342e+00  0.000000000000000e+00
 1.005534639506590e+01  1.083783746490206e+00  0.000000000000000e+00
 1.009388971090745e+01  1.082521752605059e+00  0.000000000000000e+00
 1.013243236346234e+01  1.081232992565918e+00  0.000000000000000e+00
 1.017097487793936e+01  1.079917419591311e+00  0.000000000000000e+00
 1.020951626772867e+01  1.078575226076950e+00  0.000000000000000e+00
 1.024805654095378e+01  1.077206604301237e+00  0.000000000000000e+00
 1.028659570573640e+01  1.075811746499292e+00  0.000000000000000e+00
 1.032513377019644e+01  1.074390844863654e+00  0.000000000000000e+00
 1.036367074245205e+01  1.072944091544972e+00  0.000000000000000e+00
 1.040220663061962e+01  1.071471678652702e+00  0.000000000000000e+00
 1.044074144281384e+01  1.069973798255798e+00  0.000000000000000e+00
 1.047927518714773e+01  1.068450642383410e+00  0.000000000000000e+00
 1.051780787173264e+01  1.066902403025573e+00  0.000000000000000e+00
 1.055633950467831e+01  1.065329272133903e+00  0.000000000000000e+00
 1.059487009409289e+01  1.063731441622292e+00  0.000000000000000e+00
 1.063339964808296e+01  1.062109103367597e+00  0.000000000000000e+00
 1.067192817475355e+01  1.060462449210333e+00  0.000000000000000e+00
 1.071045568220822e+01  1.058791670955367e+00  0.000000000000000e+00
 1.074898217854902e+01  1.057096960372611e+00  0.000000000000000e+00
 1.078750767187658e+01  1.055378509197711e+00  0.000000000000000e+00
 1.082603217029007e+01  1.053636509132741e+00  0.000000000000000e+00
 1.086455568188732e+01  1.051871151846894e+00  0.000000000000000e+00
 1.090307821476477e+01  1.050082628977172e+00  0.000000000000000e+00
 1.094159977701754e+01  1.048271132129077e+00  0.000000000000000e+00
 1.098012037673945e+01  1.046436852877306e+00  0.000000000000000e+00
 1.101864002202303e+01  1.044579982766436e+00  0.000000000000000e+00
 1.105715872095961e+01  1.042700713311617e+00  0.000000000000000e+00
 1.109567648163925e+01  1.040799235999265e+00  0.000000000000000e+00
 1.113419331215088e+01  1.038875742287746e+00  0.000000000000000e+00
 1.117270793543686e+01  1.036930488879515e+00  0.000000000000000e+00
 1.121122143819755e+01  1.034963613953183e+00  0.000000000000000e+00
 1.124973400149930e+01  1.032975284709722e+00  0.000000000000000e+00
 1.128824568566084e+01  1.030964492455004e+00  0.000000000000000e+00
 1.132675591893923e+01  1.028928269217281e+00  0.000000000000000e+00
 1.136526451992609e+01  1.026863435282692e+00  0.000000000000000e+00
 1.140377130720740e+01  1.024766810838270e+00  0.000000000000000e+00
 1.144227609936168e+01  1.022635215940605e+00  0.000000000000000e+00
 1.148077871495823e+01  1.020465470484510e+00  0.000000000000000e+00
 1.151927897255535e+01  1.018254394171685e+00  0.000000000000000e+00
 1.155777669069853e+01  1.015998806479370e+00  0.000000000000000e+00
 1.159627168791865e+01  1.013695526629005e+00  0.000000000000000e+00
 1.163476378273024e+01  1.011341373554870e+00  0.000000000000000e+00
 1.167325279362963e+01  1.008933165872732e+00  0.000000000000000e+00
 1.171173822098998e+01  1.006467871825200e+00  0.000000000000000e+00
 1.175021976493832e+01  1.003952063709066e+00  0.000000000000000e+00
 1.178869951985485e+01  1.001408204045444e+00  0.000000000000000e+00
 1.182717871067415e+01  9.988531019434082e-01  0.000000000000000e+00
 1.186565716524822e+01  9.962874693916812e-01  0.000000000000000e+00
 1.190413477948071e+01  9.937098175092245e-01  0.000000000000000e+00
 1.194261144927499e+01  9.911186574116165e-01  0.000000000000000e+00
 1.198108707053381e+01  9.885125002049714e-01  0.000000000000000e+00
 1.201956153915880e+01  9.858898569798532e-01  0.000000000000000e+00
 1.205803475105011e+01  9.832492388051931e-01  0.000000000000000e+00
 1.209650660210593e+01  9.805891567222058e-01  0.000000000000000e+00
 1.213497698822209e+01  9.779081217383063e-01  0.000000000000000e+00
 1.217344580529164e+01  9.752046448210233e-01  0.000000000000000e+00
 1.221191294920441e+01  9.724772368919163e-01  0.000000000000000e+00
 1.225037831584660e+01  9.697244088204908e-01  0.000000000000000e+00
 1.228884180110034e+01  9.669446714181114e-01  0.000000000000000e+00
 1.232730330084324e+01  9.641365354319179e-01  0.000000000000000e+00
 1.236576271094806e+01  9.612985115387362e-01  0.000000000000000e+00
 1.240421992728216e+01  9.584291103389934e-01  0.000000000000000e+00
 1.244267451884567e+01  9.555268564012389e-01  0.000000000000000e+00
 1.248112625674320e+01  9.525900920101623e-01  0.000000000000000e+00
 1.251957517565648e+01  9.496170064805957e-01  0.000000000000000e+00
 1.255802113577804e+01  9.466057984663562e-01  0.000000000000000e+00
 1.259646399728927e+01  9.435546664775935e-01  0.000000000000000e+00
 1.263490350996437e+01  9.404621850333672e-01  0.000000000000000e+00
 1.267333970381370e+01  9.373288445324919e-01  0.000000000000000e+00
 1.271177290421177e+01  9.341557479734167e-01  0.000000000000000e+00
 1.275020277443429e+01  9.309440532949442e-01  0.000000000000000e+00
 1.278862940811814e+01  9.276948833793398e-01  0.000000000000000e+00
 1.282705290219995e+01  9.244093606363719e-01  0.000000000000000e+00
 1.286547335360020e+01  9.210886072890043e-01  0.000000000000000e+00
 1.290389085922440e+01  9.177337453869354e-01  0.000000000000000e+00
 1.294230551596429e+01  9.143458968201333e-01  0.000000000000000e+00
 1.298071742069894e+01  9.109261833323694e-01  0.000000000000000e+00
 1.301912667029602e+01  9.074757265347463e-01  0.000000000000000e+00
 1.305753304535142e+01  9.039945786786333e-01  0.000000000000000e+00
 1.309593663202723e+01  9.004793209220742e-01  0.000000000000000e+00
 1.313433686024451e+01  8.969292099251585e-01  0.000000000000000e+00
 1.317273370906858e+01  8.933440284334049e-01  0.000000000000000e+00
 1.321112715755111e+01  8.897235590501256e-01  0.000000000000000e+00
 1.324951718472984e+01  8.860675842341443e-01  0.000000000000000e+00
 1.328790376962832e+01  8.823758862975064e-01  0.000000000000000e+00
 1.332628689125579e+01  8.786482474031895e-01  0.000000000000000e+00
 1.336466652860689e+01  8.748844495628061e-01  0.000000000000000e+00
 1.340304266066143e+01  8.710842746343098e-01  0.000000000000000e+00
 1.344141526638424e+01  8.672475043196926e-01  0.000000000000000e+00
 1.347978432472487e+01  8.633739201626819e-01  0.000000000000000e+00
 1.351814978820889e+01  8.594633083067751e-01  0.000000000000000e+00
 1.355651132903295e+01  8.555155376657648e-01  0.000000000000000e+00
 1.359486885518625e+01  8.515305113863721e-01  0.000000000000000e+00
 1.363322235563905e+01  8.475081271138647e-01  0.000000000000000e+00
 1.367157181934803e+01  8.434482823678326e-01  0.000000000000000e+00
 1.370991723525626e+01  8.393508745413115e-01  0.000000000000000e+00
 1.374825859229307e+01  8.352158008999161e-01  0.000000000000000e+00
 1.378659587937397e+01  8.310429585809572e-01  0.000000000000000e+00
 1.382492908540055e+01  8.268322445925655e-01  0.000000000000000e+00
 1.386325819926038e+01  8.225835558128151e-01  0.000000000000000e+00
 1.390158320982694e+01  8.182967889888366e-01  0.000000000000000e+00
 1.393990410595945e+01  8.139718407359384e-01  0.000000000000000e+00
 1.397822047281897e+01  8.096086191197619e-01  0.000000000000000e+00
 1.401653220612950e+01  8.052066828282803e-01  0.000000000000000e+00
 1.405483933008941e+01  8.007654073020716e-01  0.000000000000000e+00
 1.409314177258850e+01  7.962841771051853e-01  0.000000000000000e+00
 1.413143946149108e+01  7.917623765842200e-01  0.000000000000000e+00
 1.416973232463500e+01  7.871993898598499e-01  0.000000000000000e+00
 1.420802028983067e+01  7.825946008183516e-01  0.000000000000000e+00
 1.424630305422488e+01  7.779474212309807e-01  0.000000000000000e+00
 1.428458049825014e+01  7.732572411098897e-01  0.000000000000000e+00
 1.432285254624185e+01  7.685234449912848e-01  0.000000000000000e+00
 1.436111912203623e+01  7.637454172455209e-01  0.000000000000000e+00
 1.439938014944101e+01  7.589225420122921e-01  0.000000000000000e+00
 1.443763600998223e+01  7.540543762802201e-01  0.000000000000000e+00
 1.447588593498571e+01  7.491415959607126e-01  0.000000000000000e+00
 1.451413002332120e+01  7.441850231589144e-01  0.000000000000000e+00
 1.455236838435445e+01  7.391854784454099e-01  0.000000000000000e+00
 1.459060112742530e+01  7.341437821962770e-01  0.000000000000000e+00
 1.462882836184876e+01  7.290607546014343e-01  0.000000000000000e+00
 1.466705019691616e+01  7.239372156729497e-01  0.000000000000000e+00
 1.470526674189622e+01  7.187739852533785e-01  0.000000000000000e+00
 1.474347810603620e+01  7.135718830240758e-01  0.000000000000000e+00
 1.478168439856294e+01  7.083317285135162e-01  0.000000000000000e+00
 1.481988572868406e+01  7.030543411056077e-01  0.000000000000000e+00
 1.485808230881340e+01  6.977405176330582e-01  0.000000000000000e+00
 1.489627401804154e+01  6.923896304777749e-01  0.000000000000000e+00
 1.493445971638910e+01  6.869980191479065e-01  0.000000000000000e+00
 1.497263879166690e+01  6.815615360149064e-01  0.000000000000000e+00
 1.501081063167205e+01  6.760760333576059e-01  0.000000000000000e+00
 1.504897462418017e+01  6.705373633093149e-01  0.000000000000000e+00
 1.508713015693765e+01  6.649413778049246e-01  0.000000000000000e+00
 1.512527661765374e+01  6.592839285280042e-01  0.000000000000000e+00
 1.516341339399283e+01  6.535608668579004e-01  0.000000000000000e+00
 1.520153987356654e+01  6.477680438168221e-01  0.000000000000000e+00
 1.523965544392602e+01  6.419013100169192e-01  0.000000000000000e+00
 1.527775949255405e+01  6.359565156073539e-01  0.000000000000000e+00
 1.531585212170772e+01  6.299293964701139e-01  0.000000000000000e+00
 1.535393143137548e+01  6.238160104995922e-01  0.000000000000000e+00
 1.539199507471561e+01  6.176125051517023e-01  0.000000000000000e+00
 1.543004233702727e+01  6.113147691638990e-01  0.000000000000000e+00
 1.546807250306205e+01  6.049186881233700e-01  0.000000000000000e+00
 1.550608485695218e+01  5.984201440543861e-01  0.000000000000000e+00
 1.554407868213870e+01  5.918150150050914e-01  0.000000000000000e+00
 1.558205326129946e+01  5.850991746336106e-01  0.000000000000000e+00
 1.562000787627709e+01  5.782684917933616e-01  0.000000000000000e+00
 1.565794180800673e+01  5.713188301174635e-01  0.000000000000000e+00
 1.569585433644358e+01  5.642460476021394e-01  0.000000000000000e+00
 1.573374474049000e+01  5.570459961890000e-01  0.000000000000000e+00
5
 1.573374474049000e+01  5.570459961890000e-01  0.000000000000000e+00
 1.573282876610702e+01  5.556527981553115e-01  0.000000000000000e+00
 1.573191279172693e+01  5.542596001204538e-01  0.000000000000000e+00
 1.573099681734787e+01  5.528664020834508e-01  0.000000000000000e+00
 1.573008084297000e+01  5.514732040464000e-01  0.000000000000000e+00
101
 2.030069160461000e+01 -2.627978771925000e+00  0.000000000000000e+00
 2.025790734841287e+01 -2.591682303698362e+00  0.000000000000000e+00
 2.021513607655370e+01 -2.555370508726781e+00  0.000000000000000e+00
 2.017234200198462e+01 -2.519085604758752e+00  0.000000000000000e+00
 2.012942950735687e+01 -2.482939587703200e+00  0.000000000000000e+00
 2.008630864811869e+01 -2.447043005912978e+00  0.000000000000000e+00
 2.004289906047009e+01 -2.411495995537633e+00  0.000000000000000e+00
 1.999912960592182e+01 -2.376388273109425e+00  0.000000000000000e+00
 1.995501958853933e+01 -2.341714506618444e+00  0.000000000000000e+00
 1.991062632315999e+01 -2.307403644841046e+00  0.000000000000000e+00
 1.986600743975369e+01 -2.273384426761459e+00  0.000000000000000e+00
 1.982120549385849e+01 -2.239608020020215e+00  0.000000000000000e+00
 1.977623507331155e+01 -2.206058140356635e+00  0.000000000000000e+00
 1.973110689976016e+01 -2.172720371694533e+00  0.000000000000000e+00
 1.968583151162098e+01 -2.139580367887453e+00  0.000000000000000e+00
 1.964041522535736e+01 -2.106634386692559e+00  0.000000000000000e+00
 1.959485275465786e+01 -2.073892882234846e+00  0.000000000000000e+00
 1.954913636486800e+01 -2.041366673428224e+00  0.000000000000000e+00
 1.950325830851074e+01 -2.009066597123585e+00  0.000000000000000e+00
 1.945721350593244e+01 -1.977005582752182e+00  0.000000000000000e+00
 1.941099486302602e+01 -1.945197127270315e+00  0.000000000000000e+00
 1.936459297551228e+01 -1.913654249713613e+00  0.000000000000000e+00
 1.931800267050339e+01 -1.882392872021629e+00  0.000000000000000e+00
 1.927121500278648e+01 -1.851426358538008e+00  0.000000000000000e+00
 1.922421995104625e+01 -1.820766518175202e+00  0.000000000000000e+00
 1.917702234888980e+01 -1.790424078449360e+00  0.000000000000000e+00
 1.912962424036284e+01 -1.760400888252135e+00  0.000000000000000e+00
 1.908202541287123e+01 -1.730697286079442e+00  0.000000000000000e+00
 1.903422561350410e+01 -1.701313674620118e+00  0.000000000000000e+00
 1.898622621815210e+01 -1.672251497438740e+00  0.000000000000000e+00
 1.893803907884730e+01 -1.643512452777527e+00  0.000000000000000e+00
 1.888966732315937e+01 -1.615079424359561e+00  0.000000000000000e+00
 1.884112655870955e+01 -1.586940861465581e+00  0.000000000000000e+00
 1.879242569031470e+01 -1.559081249151077e+00  0.000000000000000e+00
 1.874357359896666e+01 -1.531485113982076e+00  0.000000000000000e+00
 1.869457952873235e+01 -1.504137365497638e+00  0.000000000000000e+00
 1.864545442838226e+01 -1.477028983021203e+00  0.000000000000000e+00
 1.859620300774024e+01 -1.450154041295990e+00  0.000000000000000e+00
 1.854682863252017e+01 -1.423506320459224e+00  0.000000000000000e+00
 1.849733465966527e+01 -1.397079616857303e+00  0.000000000000000e+00
 1.844772448672235e+01 -1.370867767588443e+00  0.000000000000000e+00
 1.839800496269731e+01 -1.344866501666117e+00  0.000000000000000e+00
 1.834817693988515e+01 -1.319071897343460e+00  0.000000000000000e+00
 1.829824334240880e+01 -1.293485920490287e+00  0.000000000000000e+00
 1.824820385134883e+01 -1.268109201327939e+00  0.000000000000000e+00
 1.819805814034323e+01 -1.242942384784492e+00  0.000000000000000e+00
 1.814780587553037e+01 -1.217986130608268e+00  0.000000000000000e+00
 1.809744748851450e+01 -1.193241484436217e+00  0.000000000000000e+00
 1.804698767442541e+01 -1.168710370469546e+00  0.000000000000000e+00
 1.799642642393870e+01 -1.144389866305217e+00  0.000000000000000e+00
 1.794576499534216e+01 -1.120277368261502e+00  0.000000000000000e+00
 1.789500615211266e+01 -1.096370994686019e+00  0.000000000000000e+00
 1.784415219948625e+01 -1.072668638370576e+00  0.000000000000000e+00
 1.779320432068361e+01 -1.049167673415889e+00  0.000000000000000e+00
 1.774216326657352e+01 -1.025864904094188e+00  0.000000000000000e+00
 1.769103501512988e+01 -1.002758013718860e+00  0.000000000000000e+00
 1.763982157190094e+01 -9.798424970514681e-01  0.000000000000000e+00
 1.758852493760088e+01 -9.571138597139475e-01  0.000000000000000e+00
 1.753714710838382e+01 -9.345676175719435e-01  0.000000000000000e+00
 1.748569007611708e+01 -9.121992961208301e-01  0.000000000000000e+00
 1.743415919030388e+01 -8.900059660807109e-01  0.000000000000000e+00
 1.738255449051335e+01 -8.679829609993475e-01  0.000000000000000e+00
 1.733087962047055e+01 -8.461273704626108e-01  0.000000000000000e+00
 1.727913616965204e+01 -8.244354022439397e-01  0.000000000000000e+00
 1.722732572528831e+01 -8.029032694754834e-01  0.000000000000000e+00
 1.717544987248924e+01 -7.815271903488989e-01  0.000000000000000e+00
 1.712351116932596e+01 -7.603042717201077e-01  0.000000000000000e+00
 1.707151119169411e+01 -7.392339633393219e-01  0.000000000000000e+00
 1.701944999916338e+01 -7.183160653287591e-01  0.000000000000000e+00
 1.696732766498730e+01 -6.975503953049181e-01  0.000000000000000e+00
 1.691514428973785e+01 -6.769367923717644e-01  0.000000000000000e+00
 1.686290163364276e+01 -6.564757472430927e-01  0.000000000000000e+00
 1.681059978639350e+01 -6.361649236498776e-01  0.000000000000000e+00
 1.675824286693947e+01 -6.159981495165341e-01  0.000000000000000e+00
 1.670583374350882e+01 -5.959679225701292e-01  0.000000000000000e+00
 1.665337528796018e+01 -5.760667310416486e-01  0.000000000000000e+00
 1.660087037520525e+01 -5.562870551763102e-01  0.000000000000000e+00
 1.654832150153083e+01 -5.366245450934041e-01  0.000000000000000e+00
 1.649572294433829e+01 -5.170968444500865e-01  0.000000000000000e+00
 1.644306451378014e+01 -4.977314301863791e-01  0.000000000000000e+00
 1.639033604036104e+01 -4.785559484218478e-01  0.000000000000000e+00
 1.633752926661237e+01 -4.595988656925682e-01  0.000000000000000e+00
 1.628464967418027e+01 -4.408330729455738e-01  0.000000000000000e+00
 1.623182486008496e+01 -4.219176622943726e-01  0.000000000000000e+00
 1.617922389722875e+01 -4.023966414409990e-01  0.000000000000000e+00
 1.612701534266926e+01 -3.818166750217679e-01  0.000000000000000e+00
 1.607541804780138e+01 -3.597433599406651e-01  0.000000000000000e+00
 1.602477665527855e+01 -3.355900575427528e-01  0.000000000000000e+00
 1.597556983894619e+01 -3.085858267943305e-01  0.000000000000000e+00
 1.592851081902886e+01 -2.780369969443572e-01  0.000000000000000e+00
 1.588435435798210e+01 -2.434356873464207e-01  0.000000000000000e+00
 1.584338341388539e+01 -2.051012820132315e-01  0.000000000000000e+00
 1.580557737301000e+01 -1.636357742750623e-01  0.000000000000000e+00
 1.577092398567938e+01 -1.194963827952126e-01  0.000000000000000e+00
 1.574012716563355e+01 -7.257946527089032e-02  0.000000000000000e+00
 1.571445689586108e+01 -2.269397367038509e-02  0.000000000000000e+00
 1.569541030217133e+01  3.004772531376623e-02  0.000000000000000e+00
 1.568528149778014e+01  8.517846771574451e-02  0.000000000000000e+00
 1.568649812787413e+01  1.411887245649043e-01  0.000000000000000e+00
 1.569968571401263e+01  1.956447878451367e-01  0.000000000000000e+00
 1.572398686409000e+01  2.461354415863000e-01  0.000000000000000e+00
101
 1.572398686409000e+01  2.461354415863000e-01  0.000000000000000e+00
 1.575837360066145e+01  2.910285771778857e-01  0.000000000000000e+00
 1.580120629926810e+01  3.279538252575621e-01  0.000000000000000e+00
 1.585048071885045e+01  3.557183678680502e-01  0.000000000000000e+00
 1.590382463038942e+01  3.745779282879254e-01  0.000000000000000e+00
 1.595929752350227e+01  3.858962614476277e-01  0.000000000000000e+00
 1.601566259318486e+01  3.911888785334858e-01  0.000000000000000e+00
 1.607228254801071e+01  3.917146836876589e-01  0.000000000000000e+00
 1.612880803891453e+01  3.884291723808881e-01  0.000000000000000e+00
 1.618507286951516e+01  3.820551842331031e-01  0.000000000000000e+00
 1.624099490989527e+01  3.731449294008736e-01  0.000000000000000e+00
 1.629653564507366e+01  3.621321439405524e-01  0.000000000000000e+00
 1.635170100799697e+01  3.493502471474544e-01  0.000000000000000e+00
 1.640649093937726e+01  3.350514990560203e-01  0.000000000000000e+00
 1.646092064446888e+01  3.194362320174596e-01  0.000000000000000e+00
 1.651499884807043e+01  3.026455411703453e-01  0.000000000000000e+00
 1.656873622709621e+01  2.847949395763025e-01  0.000000000000000e+00
 1.662213810373429e+01  2.659674042193847e-01  0.000000000000000e+00
 1.667521362940833e+01  2.462335240235126e-01  0.000000000000000e+00
 1.672796360460264e+01  2.256536993982103e-01  0.000000000000000e+00
 1.678039820919567e+01  2.042799637666312e-01  0.000000000000000e+00
 1.683252260527488e+01  1.821633939283293e-01  0.000000000000000e+00
 1.688434776078403e+01  1.593507353395174e-01  0.000000000000000e+00
 1.693588067805062e+01  1.358887453237273e-01  0.000000000000000e+00
 1.698713330423411e+01  1.118192388227691e-01  0.000000000000000e+00
 1.703812566710695e+01  8.717790355413423e-02  0.000000000000000e+00
 1.708884775090534e+01  6.200265833448200e-02  0.000000000000000e+00
 1.713930871728888e+01  3.631737663534820e-02  0.000000000000000e+00
 1.718952006527787e+01  1.014451930963568e-02  0.000000000000000e+00
 1.723949318904836e+01 -1.649365758036138e-02  0.000000000000000e+00
 1.728922840972915e+01 -4.356952412892556e-02  0.000000000000000e+00
 1.733873343615727e+01 -7.106684766450394e-02  0.000000000000000e+00
 1.738800495368990e+01 -9.896917227847310e-02  0.000000000000000e+00
 1.743704924808002e+01 -1.272655083272090e-01  0.000000000000000e+00
 1.748587258902032e+01 -1.559449839840753e-01  0.000000000000000e+00
 1.753448119451214e+01 -1.849968170574337e-01  0.000000000000000e+00
 1.758287306045665e+01 -2.144057455983862e-01  0.000000000000000e+00
 1.763104861365037e+01 -2.441595995800264e-01  0.000000000000000e+00
 1.767901329035232e+01 -2.742497174294101e-01  0.000000000000000e+00
 1.772677248536725e+01 -3.046674965854020e-01  0.000000000000000e+00
 1.777433155765982e+01 -3.354043916375397e-01  0.000000000000000e+00
 1.782168744446370e+01 -3.664463812696302e-01  0.000000000000000e+00
 1.786884954005546e+01 -3.977918103507631e-01  0.000000000000000e+00
 1.791580604977255e+01 -4.294363757625508e-01  0.000000000000000e+00
 1.796255445025070e+01 -4.613837491090140e-01  0.000000000000000e+00
 1.800909218217012e+01 -4.936376543110431e-01  0.000000000000000e+00
 1.805541664913808e+01 -5.262018692322343e-01  0.000000000000000e+00
 1.810152452426981e+01 -5.590797262437095e-01  0.000000000000000e+00
 1.814740498751534e+01 -5.922629373640071e-01  0.000000000000000e+00
 1.819306977129500e+01 -6.257405920562902e-01  0.000000000000000e+00
 1.823852980468818e+01 -6.594977700444687e-01  0.000000000000000e+00
 1.828379324030556e+01 -6.935175132395779e-01  0.000000000000000e+00
 1.832886934628345e+01 -7.277836771797199e-01  0.000000000000000e+00
 1.837376928479853e+01 -7.622815814126613e-01  0.000000000000000e+00
 1.841850523939403e+01 -7.969938661781077e-01  0.000000000000000e+00
 1.846309493373125e+01 -8.318914866212067e-01  0.000000000000000e+00
 1.850756149651044e+01 -8.669450477719570e-01  0.000000000000000e+00
 1.855192810428121e+01 -9.021251975486404e-01  0.000000000000000e+00
 1.859621793142619e+01 -9.374025866138940e-01  0.000000000000000e+00
 1.864045415104406e+01 -9.727478672565871e-01  0.000000000000000e+00
 1.868465545667376e+01 -1.008135602683157e+00  0.000000000000000e+00
 1.872881786225678e+01 -1.043572323514119e+00  0.000000000000000e+00
 1.877292605262117e+01 -1.079076045868709e+00  0.000000000000000e+00
 1.881696512734736e+01 -1.114665181199812e+00  0.000000000000000e+00
 1.886092018633223e+01 -1.150358143027014e+00  0.000000000000000e+00
 1.890477632829213e+01 -1.186173346328798e+00  0.000000000000000e+00
 1.894851945732458e+01 -1.222127618757071e+00  0.000000000000000e+00
 1.899214156363795e+01 -1.258227257830341e+00  0.000000000000000e+00
 1.903563938469336e+01 -1.294475918207957e+00  0.000000000000000e+00
 1.907900978972274e+01 -1.330877353763485e+00  0.000000000000000e+00
 1.912224964048016e+01 -1.367435327336612e+00  0.000000000000000e+00
 1.916535351752425e+01 -1.404151667535920e+00  0.000000000000000e+00
 1.920832029572150e+01 -1.441031515252833e+00  0.000000000000000e+00
 1.925114428624953e+01 -1.478074823048433e+00  0.000000000000000e+00
 1.929382323286248e+01 -1.515284173821443e+00  0.000000000000000e+00
 1.933635487095817e+01 -1.552662160036992e+00  0.000000000000000e+00
 1.937873692724649e+01 -1.590211384106027e+00  0.000000000000000e+00
 1.942096587187163e+01 -1.627933549559975e+00  0.000000000000000e+00
 1.946303482997071e+01 -1.665831607187530e+00  0.000000000000000e+00
 1.950493751935730e+01 -1.703913016004782e+00  0.000000000000000e+00
 1.954666730106439e+01 -1.742185097067388e+00  0.000000000000000e+00
 1.958821534352199e+01 -1.780653162673473e+00  0.000000000000000e+00
 1.962957562880410e+01 -1.819324938078037e+00  0.000000000000000e+00
 1.967074266275655e+01 -1.858202360433402e+00  0.000000000000000e+00
 1.971171485585189e+01 -1.897283260916574e+00  0.000000000000000e+00
 1.975249277389655e+01 -1.936567048638967e+00  0.000000000000000e+00
 1.979307696017560e+01 -1.976053156231933e+00  0.000000000000000e+00
 1.983346880509102e+01 -2.015735213859134e+00  0.000000000000000e+00
 1.987369620583641e+01 -2.055582271076712e+00  0.000000000000000e+00
 1.991380042986559e+01 -2.095553329331990e+00  0.000000000000000e+00
 1.995382252557442e+01 -2.135607065525604e+00  0.000000000000000e+00
 1.999380131688024e+01 -2.175703473162585e+00  0.000000000000000e+00
 2.003375948350850e+01 -2.215820430190098e+00  0.000000000000000e+00
 2.007370995443771e+01 -2.255945052587569e+00  0.000000000000000e+00
 2.011366543218839e+01 -2.296064688065032e+00  0.000000000000000e+00
 2.015362801614223e+01 -2.336177246341412e+00  0.000000000000000e+00
 2.019358134593219e+01 -2.376299020519295e+00  0.000000000000000e+00
 2.023350854490936e+01 -2.416446802159978e+00  0.000000000000000e+00
 2.027341613978734e+01 -2.456614067710041e+00  0.000000000000000e+00
 2.031332937272529e+01 -2.496775730214518e+00  0.000000000000000e+00
 2.035326933860000e+01 -2.536910802126000e+00  0.000000000000000e+00
5
 2.035326933860000e+01 -2.536910802126000e+00  0.000000000000000e+00
 2.034012490510250e+01 -2.559677794575749e+00  0.000000000000000e+00
 2.032698047160500e+01 -2.582444787025501e+00  0.000000000000000e+00
 2.031383603810750e+01 -2.605211779475249e+00  0.000000000000000e+00
 2.030069160461000e+01 -2.627978771925000e+00  0.000000000000000e+00
9
 3.251716801595000e-01  1.180862124955000e-01  0.000000000000000e+00
 3.269162721932687e-01  1.147684559307819e-01  0.000000000000000e+00
 3.286518571255699e-01  1.114420742682762e-01  0.000000000000000e+00
 3.303919828151100e-01  1.081180607035334e-01  0.000000000000000e+00
 3.321255182796202e-01  1.047903761853044e-01  0.000000000000000e+00
 3.338656385212919e-01  1.014663058952487e-01  0.000000000000000e+00
 3.356018117349175e-01  9.814017690725059e-02  0.000000000000000e+00
 3.373417938339347e-01  9.481658065480131e-02  0.000000000000000e+00
 3.390794802723000e-01  9.149430019072000e-02  0.000000000000000e+00
101
 3.390794802723000e-01  9.149430019072000e-02  0.000000000000000e+00
 3.207784514211555e-01  7.308556153014040e-02  0.000000000000000e+00
 3.019526331603007e-01  5.521335643916641e-02  0.000000000000000e+00
 2.826607467438962e-01  3.784448020704360e-02  0.000000000000000e+00
 2.633256607992920e-01  2.052335361982973e-02  0.000000000000000e+00
 2.440385656899166e-01  3.148770969565471e-03  0.000000000000000e+00
 2.248355749115219e-01 -1.431872631870409e-02  0.000000000000000e+00
 2.056913826242524e-01 -3.185063891443563e-02  0.000000000000000e+00
 1.866067836423365e-01 -4.944739414068213e-02  0.000000000000000e+00
 1.676080118244465e-01 -6.713679491267834e-02  0.000000000000000e+00
 1.486717265548625e-01 -8.489306563724616e-02  0.000000000000000e+00
 1.298185070891305e-01 -1.027374288917204e-01  0.000000000000000e+00
 1.110489380600585e-01 -1.206697911678336e-01  0.000000000000000e+00
 9.234802440119763e-02 -1.386737098112943e-01  0.000000000000000e+00
 7.373470154454945e-02 -1.567682510805217e-01  0.000000000000000e+00
 5.521342619588818e-02 -1.749570006929594e-01  0.000000000000000e+00
 3.678095980400222e-02 -1.932357149015742e-01  0.000000000000000e+00
 1.843447153395734e-02 -2.116007494650587e-01  0.000000000000000e+00
 1.868277906082081e-04 -2.300639913446125e-01  0.000000000000000e+00
-1.795361512374164e-02 -2.486325001502602e-01  0.000000000000000e+00
-3.600827179886731e-02 -2.672843278409609e-01  0.000000000000000e+00
-5.393966295832191e-02 -2.860546053742895e-01  0.000000000000000e+00
-7.179893053406697e-02 -3.048937900300260e-01  0.000000000000000e+00
-8.950074882843952e-02 -3.238807267420278e-01  0.000000000000000e+00
-1.071522240503970e-01 -3.429146236747451e-01  0.000000000000000e+00
-1.246314190685950e-01 -3.621069557291023e-01  0.000000000000000e+00
-1.420279548238508e-01 -3.813739316194860e-01  0.000000000000000e+00
-1.593010064508646e-01 -4.007520130230647e-01  0.000000000000000e+00
-1.764192245403397e-01 -4.202668377551513e-01  0.000000000000000e+00
-1.934612734849778e-01 -4.398483194671973e-01  0.000000000000000e+00
-2.103155362918704e-01 -4.595917280984183e-01  0.000000000000000e+00
-2.270673800032087e-01 -4.794216534435972e-01  0.000000000000000e+00
-2.436989470201719e-01 -4.993530048787744e-01  0.000000000000000e+00
-2.601340097916337e-01 -5.194464997558553e-01  0.000000000000000e+00
-2.765027105360875e-01 -5.395942229878296e-01  0.000000000000000e+00
-2.926406769297494e-01 -5.599273113735612e-01  0.000000000000000e+00
-3.086791714640199e-01 -5.803386163038027e-01  0.000000000000000e+00
-3.245533128070120e-01 -6.008783281314743e-01  0.000000000000000e+00
-3.402405243643081e-01 -6.215606302665106e-01  0.000000000000000e+00
-3.558286620224054e-01 -6.423181595881743e-01  0.000000000000000e+00
-3.711690705445628e-01 -6.632594966056430e-01  0.000000000000000e+00
-3.864079550091575e-01 -6.842742847244530e-01  0.000000000000000e+00
-4.014517526400611e-01 -7.054297238636366e-01  0.000000000000000e+00
-4.162874153782174e-01 -7.267313482616231e-01  0.000000000000000e+00
-4.310344745978013e-01 -7.480946402599120e-01  0.000000000000000e+00
-4.454732296082568e-01 -7.696675595968223e-01  0.000000000000000e+00
-4.598003081219748e-01 -7.913139723636772e-01  0.000000000000000e+00
-4.739257407335848e-01 -8.130933195930806e-01  0.000000000000000e+00
-4.878916999803605e-01 -8.349749797080084e-01  0.000000000000000e+00
-5.016111594487038e-01 -8.570121792100337e-01  0.000000000000000e+00
-5.151279087856552e-01 -8.791742604895055e-01  0.000000000000000e+00
-5.284338026201705e-01 -9.014636306101605e-01  0.000000000000000e+00
-5.414984155923538e-01 -9.238952323893085e-01  0.000000000000000e+00
-5.543413864095584e-01 -9.464544353084022e-01  0.000000000000000e+00
-5.669105585160141e-01 -9.691671223783687e-01  0.000000000000000e+00
-5.792596316835636e-01 -9.920002910501713e-01  0.000000000000000e+00
-5.913471594224071e-01 -1.014972862507537e+00  0.000000000000000e+00
-6.031739599361846e-01 -1.038080888204178e+00  0.000000000000000e+00
-6.147114186864945e-01 -1.061334757640901e+00  0.000000000000000e+00
-6.259819652588360e-01 -1.084719157109332e+00  0.000000000000000e+00
-6.369377752662256e-01 -1.108252810682220e+00  0.000000000000000e+00
-6.475999167892322e-01 -1.131921010419565e+00  0.000000000000000e+00
-6.579378310363999e-01 -1.155732580254284e+00  0.000000000000000e+00
-6.679461267981341e-01 -1.179684604969815e+00  0.000000000000000e+00
-6.776089788926647e-01 -1.203777888697924e+00  0.000000000000000e+00
-6.869303187836099e-01 -1.228005049104752e+00  0.000000000000000e+00
-6.959057123651429e-01 -1.252362387670662e+00  0.000000000000000e+00
-7.045064106002945e-01 -1.276854541264522e+00  0.000000000000000e+00
-7.127442660603716e-01 -1.301470974168205e+00  0.000000000000000e+00
-7.206385502804551e-01 -1.326199919692595e+00  0.000000000000000e+00
-7.280699440975769e-01 -1.351072022238179e+00  0.000000000000000e+00
-7.350390143879693e-01 -1.376077426642817e+00  0.000000000000000e+00
-7.414920674789152e-01 -1.401221052460109e+00  0.000000000000000e+00
-7.473791097592067e-01 -1.426502940576480e+00  0.000000000000000e+00
-7.526481392365454e-01 -1.451920554056577e+00  0.000000000000000e+00
-7.572581221902129e-01 -1.477465332583409e+00  0.000000000000000e+00
-7.611999671599491e-01 -1.503121764454262e+00  0.000000000000000e+00
-7.643258855005570e-01 -1.528890528902671e+00  0.000000000000000e+00
-7.665854052762637e-01 -1.554749213117267e+00  0.000000000000000e+00
-7.679926545380524e-01 -1.580667500630494e+00  0.000000000000000e+00
-7.684885257078647e-01 -1.606619486665637e+00  0.000000000000000e+00
-7.679987725528818e-01 -1.632571571785285e+00  0.000000000000000e+00
-7.663877885666889e-01 -1.658477663047442e+00  0.000000000000000e+00
-7.637543467534942e-01 -1.684298892889940e+00  0.000000000000000e+00
-7.600653373044137e-01 -1.709990542417736e+00  0.000000000000000e+00
-7.552579021958593e-01 -1.735496353723826e+00  0.000000000000000e+00
-7.490832297797504e-01 -1.760706590688656e+00  0.000000000000000e+00
-7.413368193015737e-01 -1.785477108445557e+00  0.000000000000000e+00
-7.317693866017517e-01 -1.809599814150681e+00  0.000000000000000e+00
-7.201282796489779e-01 -1.832790195443969e+00  0.000000000000000e+00
-7.061641502306069e-01 -1.854657058878664e+00  0.000000000000000e+00
-6.899385573230919e-01 -1.874901653297887e+00  0.000000000000000e+00
-6.716942499537195e-01 -1.893349802066438e+00  0.000000000000000e+00
-6.516206177677366e-01 -1.909791228400691e+00  0.000000000000000e+00
-6.299958291135375e-01 -1.924130799593893e+00  0.000000000000000e+00
-6.070424828203843e-01 -1.936232481894137e+00  0.000000000000000e+00
-5.829613402770860e-01 -1.945895459299133e+00  0.000000000000000e+00
-5.580200848979557e-01 -1.953049857407236e+00  0.000000000000000e+00
-5.324639001761975e-01 -1.957530556388538e+00  0.000000000000000e+00
-5.065693793079050e-01 -1.959140596914340e+00  0.000000000000000e+00
-4.807454738913000e-01 -1.957652181248000e+00  0.000000000000000e+00
101
-4.807454738913000e-01 -1.957652181248000e+00  0.000000000000000e+00
-5.174021988017977e-01 -1.971661538072971e+00  0.000000000000000e+00
-5.548999549055934e-01 -1.983260576035189e+00  0.000000000000000e+00
-5.927892418511146e-01 -1.993520341446924e+00  0.000000000000000e+00
-6.308479773873374e-01 -2.003135701576309e+00  0.000000000000000e+00
-6.689671283966099e-01 -2.012509260178465e+00  0.000000000000000e+00
-7.070651700401105e-01 -2.021968287219028e+00  0.000000000000000e+00
-7.451653579991950e-01 -2.031418710442524e+00  0.000000000000000e+00
-7.832975048111586e-01 -2.040738876628476e+00  0.000000000000000e+00
-8.214929498951598e-01 -2.049796726442020e+00  0.000000000000000e+00
-8.597869084838867e-01 -2.058427444308076e+00  0.000000000000000e+00
-8.982280631684894e-01 -2.066377102745048e+00  0.000000000000000e+00
-9.368166826358585e-01 -2.073578929757740e+00  0.000000000000000e+00
-9.755585573101863e-01 -2.079906679119356e+00  0.000000000000000e+00
-1.014460225911307e+00 -2.085167230173720e+00  0.000000000000000e+00
-1.053512021884520e+00 -2.089150631649641e+00  0.000000000000000e+00
-1.092687685423754e+00 -2.091641040647621e+00  0.000000000000000e+00
-1.131936379571068e+00 -2.092370332625904e+00  0.000000000000000e+00
-1.171169077404504e+00 -2.091033614460844e+00  0.000000000000000e+00
-1.210243641702061e+00 -2.087249761650547e+00  0.000000000000000e+00
-1.248954311926025e+00 -2.080743287007953e+00  0.000000000000000e+00
-1.287047490609684e+00 -2.071281223174879e+00  0.000000000000000e+00
-1.324181452542696e+00 -2.058575615955586e+00  0.000000000000000e+00
-1.359985509721932e+00 -2.042509765080117e+00  0.000000000000000e+00
-1.394121622542165e+00 -2.023140436870601e+00  0.000000000000000e+00
-1.426478528451811e+00 -2.000921814647189e+00  0.000000000000000e+00
-1.455957051658665e+00 -1.975001966192810e+00  0.000000000000000e+00
-1.483362181275785e+00 -1.946936942204638e+00  0.000000000000000e+00
-1.506079292427530e+00 -1.914967057299453e+00  0.000000000000000e+00
-1.521375748522181e+00 -1.878932108630858e+00  0.000000000000000e+00
-1.525935730861978e+00 -1.840040129510111e+00  0.000000000000000e+00
-1.522666880929517e+00 -1.800944861723526e+00  0.000000000000000e+00
-1.515080642289666e+00 -1.762438630715235e+00  0.000000000000000e+00
-1.506265148428358e+00 -1.724188790613059e+00  0.000000000000000e+00
-1.495073368477656e+00 -1.686563403887071e+00  0.000000000000000e+00
-1.482778516110542e+00 -1.649285781264767e+00  0.000000000000000e+00
-1.468536067797249e+00 -1.612709259550158e+00  0.000000000000000e+00
-1.452592493362866e+00 -1.576837176729231e+00  0.000000000000000e+00
-1.435388392465627e+00 -1.541552883138892e+00  0.000000000000000e+00
-1.416829454968142e+00 -1.506961054672506e+00  0.000000000000000e+00
-1.397050889077614e+00 -1.473052868558343e+00  0.000000000000000e+00
-1.376136259299343e+00 -1.439833279841589e+00  0.000000000000000e+00
-1.354302060112011e+00 -1.407209386289434e+00  0.000000000000000e+00
-1.331714440811006e+00 -1.375102868378425e+00  0.000000000000000e+00
-1.308478828125231e+00 -1.343463569396371e+00  0.000000000000000e+00
-1.284677231566856e+00 -1.312246883850525e+00  0.000000000000000e+00
-1.260370755627519e+00 -1.281421456894053e+00  0.000000000000000e+00
-1.235609698767788e+00 -1.250961241620429e+00  0.000000000000000e+00
-1.210436552249890e+00 -1.220839419797953e+00  0.000000000000000e+00
-1.184887594342474e+00 -1.191036681851452e+00  0.000000000000000e+00
-1.158992886143379e+00 -1.161533984073523e+00  0.000000000000000e+00
-1.132787256126636e+00 -1.132307174393587e+00  0.000000000000000e+00
-1.106301080856801e+00 -1.103334214200806e+00  0.000000000000000e+00
-1.079548271864151e+00 -1.074606779454607e+00  0.000000000000000e+00
-1.052542767422233e+00 -1.046117422548232e+00  0.000000000000000e+00
-1.025302197616139e+00 -1.017852118039238e+00  0.000000000000000e+00
-9.978446734760458e-01 -9.897982049074636e-01  0.000000000000000e+00
-9.701847901276273e-01 -9.619432075808354e-01  0.000000000000000e+00
-9.423356479527641e-01 -9.342780221269702e-01  0.000000000000000e+00
-9.143054076565585e-01 -9.067959947760409e-01  0.000000000000000e+00
-8.861030586476648e-01 -8.794909903851010e-01  0.000000000000000e+00
-8.577376972947408e-01 -8.523552553504100e-01  0.000000000000000e+00
-8.292175127833971e-01 -8.253823398609346e-01  0.000000000000000e+00
-8.005479427961461e-01 -7.985679754270196e-01  0.000000000000000e+00
-7.717350903074582e-01 -7.719078853112528e-01  0.000000000000000e+00
-7.427860489727892e-01 -7.453955898439334e-01  0.000000000000000e+00
-7.137076171325656e-01 -7.190253836671904e-01  0.000000000000000e+00
-6.845037546574728e-01 -6.927941415727999e-01  0.000000000000000e+00
-6.551779980982840e-01 -6.666992141936632e-01  0.000000000000000e+00
-6.257344135472844e-01 -6.407374073604800e-01  0.000000000000000e+00
-5.961769498527584e-01 -6.149053766792463e-01  0.000000000000000e+00
-5.665088466705751e-01 -5.892005433681557e-01  0.000000000000000e+00
-5.367329388512758e-01 -5.636205102163212e-01  0.000000000000000e+00
-5.068521528190909e-01 -5.381631869470969e-01  0.000000000000000e+00
-4.768689956698653e-01 -5.128263430758030e-01  0.000000000000000e+00
-4.467857822807096e-01 -4.876085613925074e-01  0.000000000000000e+00
-4.166042375327709e-01 -4.625083730037455e-01  0.000000000000000e+00
-3.863265595539460e-01 -4.375244175137923e-01  0.000000000000000e+00
-3.559542804880428e-01 -4.126553427229767e-01  0.000000000000000e+00
-3.254858897405023e-01 -3.879043349805187e-01  0.000000000000000e+00
-2.949181798414168e-01 -3.632760058010700e-01  0.000000000000000e+00
-2.642559473413866e-01 -3.387655418288897e-01  0.000000000000000e+00
-2.335098054141148e-01 -3.143603658240658e-01  0.000000000000000e+00
-2.027008464207948e-01 -2.900346022509607e-01  0.000000000000000e+00
-1.718569624723384e-01 -2.657531082489680e-01  0.000000000000000e+00
-1.409904554368873e-01 -2.415004109795813e-01  0.000000000000000e+00
-1.101022329688596e-01 -2.172753719393402e-01  0.000000000000000e+00
-7.919978450035613e-02 -1.930684869420607e-01  0.000000000000000e+00
-4.829169557560491e-02 -1.688688049499101e-01  0.000000000000000e+00
-1.737533380326976e-02 -1.446796927727119e-01  0.000000000000000e+00
 1.353852440381203e-02 -1.204873815813311e-01  0.000000000000000e+00
 4.442251131568850e-02 -9.625694996218809e-02  0.000000000000000e+00
 7.532051817918330e-02 -7.204439831668857e-02  0.000000000000000e+00
 1.062610675561051e-01 -4.788623024229869e-02  0.000000000000000e+00
 1.372255808963865e-01 -2.375878804196592e-02  0.000000000000000e+00
 1.682124483751526e-01  3.399367492568197e-04  0.000000000000000e+00
 1.992190148792558e-01  2.441331238966806e-02  0.000000000000000e+00
 2.302559070648388e-01  4.844757271877522e-02  0.000000000000000e+00
 2.613192462640233e-01  7.244754786440244e-02  0.000000000000000e+00
 2.927782224176159e-01  9.592461853986084e-02  0.000000000000000e+00
 3.251716801595000e-01  1.180862124955000e-01  0.000000000000000e+00
