8.7389338016500007e-01 3.0637400224800000e-02
8.6846808423708999e-01 3.1005422978845659e-02
8.6304146930683889e-01 3.1352710823817284e-02
8.5761353273326335e-01 3.1679222242934423e-02
8.5218439838105065e-01 3.1984909838340479e-02
8.4675413514670617e-01 3.2269733853750898e-02
8.4132282879600173e-01 3.2533684235340685e-02
8.3589050083974392e-01 3.2776776196436430e-02
8.3045731851454607e-01 3.2999018422181760e-02
8.2502332373094611e-01 3.3200424806993575e-02
8.1958853778236551e-01 3.3381008771956620e-02
8.1415315013351608e-01 3.3540777685622518e-02
8.0871720659331281e-01 3.3679743461696068e-02
8.0328071269777668e-01 3.3797917760088642e-02
7.9784383696979222e-01 3.3895307967148736e-02
7.9240666043693220e-01 3.3971923363526453e-02
7.8696918323633891e-01 3.4027773397564423e-02
7.8153153273752229e-01 3.4062865196638308e-02
7.7609383536746002e-01 3.4077206090051299e-02
7.7065609114224665e-01 3.4070803203993805e-02
7.6521838121378949e-01 3.4043662483006672e-02
7.5978087249621717e-01 3.3995790287199561e-02
7.5434356996811669e-01 3.3927191429800913e-02
7.4890651906145000e-01 3.3837869801124847e-02
7.4346990676317448e-01 3.3727831378512901e-02
7.3803375325869502e-01 3.3597078919549953e-02
7.3259807865323945e-01 3.3445613745551189e-02
7.2716306976192668e-01 3.3273441340637866e-02
7.2172877215676001e-01 3.3080563012541801e-02
7.1629519089904836e-01 3.2866977349532971e-02
7.1086249256859491e-01 3.2632688543699259e-02
7.0543075823368773e-01 3.2377697404468851e-02
6.9999998807888886e-01 3.2101999968288893e-02
6.9999998807888886e-01 2.5936249876393754e-02
6.9999998807888886e-01 1.9770499784498616e-02
6.9999998807888886e-01 1.3604749692603479e-02
6.9999998807888886e-01 7.4389996007083337e-03
6.9999998807888886e-01 1.2732495088131873e-03
6.9999998807888886e-01 -4.8925005830819396e-03
6.9999998807888886e-01 -1.1058250674977083e-02
6.9999998807888886e-01 -1.7224000766872222e-02
6.9671340737063892e-01 -1.7821386791833167e-02
6.9342809375673164e-01 -1.8425588810161972e-02
6.9014382163529442e-01 -1.9035393257233066e-02
6.8686036541301443e-01 -1.9649586614470173e-02
6.8357749950372337e-01 -2.0266955401725954e-02
6.8029499832697882e-01 -2.0886286169662656e-02
6.7701263560831437e-01 -2.1506365627550324e-02
6.7373018644593663e-01 -2.2125980258037994e-02
6.7044742543504554e-01 -2.2743916643541723e-02
6.6716412709917605e-01 -2.3358961359175034e-02
6.6388006595448112e-01 -2.3969900940319505e-02
6.6059501650608610e-01 -2.4575521863024172e-02
6.5730875324445437e-01 -2.5174610524402716e-02
6.5402106277809890e-01 -2.5765956560250051e-02
6.5073226864640943e-01 -2.6350881776591326e-02
6.4744360626932329e-01 -2.6936552487128639e-02
6.4415541510080887e-01 -2.7524858064920811e-02
6.4086749302346391e-01 -2.8114666206527965e-02
6.3757963392561001e-01 -2.8704826015953151e-02
6.3429163168376279e-01 -2.9294186598957377e-02
6.3100327862975669e-01 -2.9881597345579540e-02
6.2771437492595605e-01 -3.0465906270651884e-02
6.2442471621841167e-01 -3.1045962244187857e-02
6.2113379890225995e-01 -3.1620834051467803e-02
6.1784198649290389e-01 -3.2190164694784910e-02
6.1454927405045112e-01 -3.2753858818371097e-02
6.1125564661812781e-01 -3.3311822753827047e-02
6.0796108922696224e-01 -3.3863962756956502e-02
6.0466558689529559e-01 -3.4410185004117494e-02
6.0136912462820558e-01 -3.4950395588583233e-02
5.9807168741692562e-01 -3.5484500516899838e-02
5.9477326023825661e-01 -3.6012405705238094e-02
5.9147382805398729e-01 -3.6534016975739866e-02
5.8817337581030504e-01 -3.7049240052857341e-02
5.8487188843721383e-01 -3.7557980559686031e-02
5.8156935084794670e-01 -3.8060144014290885e-02
5.7826574793838337e-01 -3.8555635826023824e-02
5.7496106458645668e-01 -3.9044361291835340e-02
5.7165528565149215e-01 -3.9526225592586922e-02
5.6834839911513058e-01 -4.0001133341595961e-02
5.6504090917041172e-01 -4.0468916612460576e-02
5.6173221889102554e-01 -4.0929564210519832e-02
5.5842212064369723e-01 -4.1383022167196512e-02
5.5511116179386921e-01 -4.1829161182639768e-02
5.5179933658033931e-01 -4.2267932262221822e-02
5.4848663922208507e-01 -4.2699286240468419e-02
5.4517306391747655e-01 -4.3123173778122283e-02
5.4185860484413106e-01 -4.3539545359103621e-02
5.3854325615852028e-01 -4.3948351287484477e-02
5.3522701199560874e-01 -4.4349541684440198e-02
5.3190986646849669e-01 -4.4743066485180852e-02
5.2859181366805119e-01 -4.5128875435863074e-02
5.2527284766254589e-01 -4.5506918090481407e-02
5.2195296249729051e-01 -4.5877143807738635e-02
5.1863215219426029e-01 -4.6239501747894853e-02
5.1531041075172390e-01 -4.6593940869594216e-02
5.1198773214391768e-01 -4.6940409926664123e-02
5.0866411032041270e-01 -4.7278857464922601e-02
5.0533953920624375e-01 -4.7609231818883199e-02
5.0201402055198252e-01 -4.7931480357508480e-02
4.9868832708653105e-01 -4.8245479363116642e-02
4.9536180401833740e-01 -4.8551277988661538e-02
4.9203460545122213e-01 -4.8848894797134161e-02
4.8870673436745043e-01 -4.9138365909674395e-02
4.8537819373659424e-01 -4.9419727294550735e-02
4.8204898651574535e-01 -4.9693014768824942e-02
4.7871911564965330e-01 -4.9958264000011326e-02
4.7538858407078050e-01 -5.0215510507730148e-02
4.7205739469968727e-01 -5.0464789665323598e-02
4.6872555044484898e-01 -5.0706136701504062e-02
4.6539313106302227e-01 -5.0939584165607850e-02
4.6206024326915585e-01 -5.1165175725960417e-02
4.5872689070888029e-01 -5.1382965916991818e-02
4.5539307662246664e-01 -5.1593009126206901e-02
4.5205880423977152e-01 -5.1795359568852534e-02
4.4872407678056830e-01 -5.1990071290844569e-02
4.4538889745472371e-01 -5.2177198171689261e-02
4.4205326946236756e-01 -5.2356793927389206e-02
4.3871719599406928e-01 -5.2528912113333243e-02
4.3538068107507721e-01 -5.2693606086445140e-02
4.3204386738667511e-01 -5.2850922671574797e-02
4.2870676935211705e-01 -5.3000915387953158e-02
4.2536938906665994e-01 -5.3143638203092522e-02
4.2203172861894978e-01 -5.3279144913986012e-02
4.1869379009113217e-01 -5.3407489150197447e-02
4.1535557555897173e-01 -5.3528724376933665e-02
4.1201708709197016e-01 -5.3642903898100412e-02
4.0867832675348548e-01 -5.3750080859342214e-02
4.0533928237932187e-01 -5.3850308705280306e-02
4.0200002643746469e-01 -5.3943641887931146e-02
3.9866064540156754e-01 -5.4030141171340154e-02
3.9532114044193328e-01 -5.4109870489650859e-02
3.9198151272708559e-01 -5.4182893679410760e-02
3.8864176342380247e-01 -5.4249274481794257e-02
3.8530189369715573e-01 -5.4309076544819895e-02
3.8196190471055375e-01 -5.4362363425561541e-02
3.7862179762577985e-01 -5.4409198592354366e-02
3.7528157360303321e-01 -5.4449645426995270e-02
3.7194123380097038e-01 -5.4483767226938429e-02
3.6860078143869734e-01 -5.4511627192208666e-02
3.6526039942310617e-01 -5.4533287458521131e-02
3.6192001031930299e-01 -5.4548812384516504e-02
3.5857961420070078e-01 -5.4558265514458110e-02
3.5523921114060514e-01 -5.4561710299496101e-02
3.5189880121221712e-01 -5.4559210100078859e-02
3.4855838448863546e-01 -5.4550828188358325e-02
3.4521795908314790e-01 -5.4536627741517719e-02
3.4187754667899783e-01 -5.4516674231752771e-02
3.3853720423435757e-01 -5.4491040516693484e-02
3.3519693083802210e-01 -5.4459800579613839e-02
3.3185672557932000e-01 -5.4423028360418763e-02
3.2851658754809726e-01 -5.4380797757034090e-02
3.2517651583469948e-01 -5.4333182626794860e-02
3.2183650952995513e-01 -5.4280256787832673e-02
3.1849656772515883e-01 -5.4222094020461492e-02
3.1515670629553605e-01 -5.4158768263918397e-02
3.1181699521920475e-01 -5.4090335173527890e-02
3.0847739917235950e-01 -5.4016808745225617e-02
3.0513791793412998e-01 -5.3938198758825114e-02
3.0179854869928191e-01 -5.3854514886917206e-02
2.9845919248821717e-01 -5.3765764117185977e-02
2.9512001528749715e-01 -5.3671960443255708e-02
2.9178101674604712e-01 -5.3573113774904396e-02
2.8844219651426367e-01 -5.3469233980328310e-02
2.8510355424401018e-01 -5.3360330886345550e-02
2.8176508958860835e-01 -5.3246414278597873e-02
2.7842680220283189e-01 -5.3127493901751102e-02
2.7508869174289924e-01 -5.3003579459694118e-02
2.7175075786646602e-01 -5.2874680615736289e-02
2.6841300023261883e-01 -5.2740806992803542e-02
2.6507541850186778e-01 -5.2601968173633051e-02
2.6173801233614014e-01 -5.2458173700966310e-02
2.5840080479428518e-01 -5.2309433951608017e-02
2.5506390398620071e-01 -5.2155730942400315e-02
2.5172725901700682e-01 -5.1996970397438891e-02
2.4839087498508094e-01 -5.1833051529764716e-02
2.4505475699311871e-01 -5.1663873467044652e-02
2.4171891014835134e-01 -5.1489335247283760e-02
2.3838333956276292e-01 -5.1309335814530697e-02
2.3504804942267685e-01 -5.1123773962011919e-02
2.3171304345711652e-01 -5.0932548347072490e-02
2.2837840754085315e-01 -5.0735562434556090e-02
2.2504414816051779e-01 -5.0532715251621917e-02
2.2171027180860173e-01 -5.0323905734217994e-02
2.1837678498370550e-01 -5.0109032723197292e-02
2.1504369419078856e-01 -4.9887994960427298e-02
2.1171100594141906e-01 -4.9660691084892392e-02
2.0837872675402594e-01 -4.9427019628788989e-02
2.0504685672486306e-01 -4.9186880464902452e-02
2.0171546099818780e-01 -4.8940307108270555e-02
1.9838457282276645e-01 -4.8687539238186306e-02
1.9505417132648367e-01 -4.8428831592677954e-02
1.9172423563641378e-01 -4.8164438919639702e-02
1.8839474487903518e-01 -4.7894615974256975e-02
1.8506567818043887e-01 -4.7619617516431428e-02
1.8173701466654102e-01 -4.7339698308206495e-02
1.7840873346329278e-01 -4.7055113111193064e-02
1.7508081369689216e-01 -4.6766116683995607e-02
1.7175323449399371e-01 -4.6472963779638637e-02
1.6842597748026761e-01 -4.6175909367455366e-02
1.6509913180102867e-01 -4.5875218191206518e-02
1.6177259613661515e-01 -4.5571137911780628e-02
1.5844634720304890e-01 -4.5263923071207864e-02
1.5512008981757344e-01 -4.4953667377692366e-02
1.5179417476447832e-01 -4.4639469386825475e-02
1.4846883964549451e-01 -4.4319922320882638e-02
1.4514423814823496e-01 -4.3993608628178756e-02
1.4182052399487766e-01 -4.3659110438216783e-02
1.3849785096313116e-01 -4.3315009368310370e-02
1.3517637290721460e-01 -4.2959886330068489e-02
1.3185624377886096e-01 -4.2592321335668072e-02
1.2853761764835284e-01 -4.2210893303841167e-02
1.2522064872559471e-01 -4.1814179865501261e-02
1.2190549138123388e-01 -4.1400757168935209e-02
1.1859230016783716e-01 -4.0969199684485730e-02
1.1528216654563322e-01 -4.0518915026156697e-02
1.1197428210883256e-01 -4.0053928716778583e-02
1.0866762201190350e-01 -3.9580283743956231e-02
1.0536132789729644e-01 -3.9104050504732091e-02
1.0205470190799600e-01 -3.8630193806747676e-02
9.8748017376705285e-02 -3.8156664462307928e-02
9.5441983637340105e-02 -3.7678679960689541e-02
9.2137300477617951e-02 -3.7191449731903421e-02
8.8834669748805883e-02 -3.6690233042441248e-02
8.5534564407181379e-02 -3.6172846204430953e-02
8.2236795119205661e-02 -3.5640815584249128e-02
7.8941084027773389e-02 -3.5095903647032141e-02
7.5647617969229558e-02 -3.4537760833618349e-02
7.2356997019116548e-02 -3.3963180549189440e-02
6.9069849147100112e-02 -3.3368805352799902e-02
6.5786446533594722e-02 -3.2754199055850960e-02
6.2506080044517895e-02 -3.2123715165240874e-02
5.9227855510606005e-02 -3.1481969837133646e-02
5.5955996262735161e-02 -3.0808734287427648e-02
5.2747709171546121e-02 -2.9887492985626003e-02
4.9899826687129750e-02 -2.8158147684290195e-02
4.7502342573951473e-02 -2.5837203646953209e-02
4.5623800118843608e-02 -2.3080034329035472e-02
4.4361451297858005e-02 -1.9992095531798957e-02
4.3812002986672226e-02 -1.6702000051738889e-02
4.3866243598331377e-02 -1.4560091572595489e-02
4.4128350040940775e-02 -1.2433107752356199e-02
4.4580264427135433e-02 -1.0338204701631923e-02
4.5205792646147533e-02 -8.2889094722534383e-03
4.5991557640090518e-02 -6.2960909790050999e-03
4.6925543975595535e-02 -4.3649682178898063e-03
4.7987734592402749e-02 -2.5040901197063096e-03
4.9162630716268668e-02 -7.0931370608068008e-04
5.0430617849120445e-02 1.0176061197785539e-03
5.1778398955839904e-02 2.6834736371820246e-03
5.3197352479241462e-02 4.2929299819610732e-03
5.4676171295478415e-02 5.8435916161004549e-03
5.6209661838276664e-02 7.3402195573180219e-03
5.7793065687217836e-02 8.7875166938910718e-03
5.9416890411646502e-02 1.0185364566230355e-02
6.1079785324064106e-02 1.1538675500058755e-02
6.2775881216701385e-02 1.2847925421848811e-02
6.4502611594268719e-02 1.4116331562835122e-02
6.6257581088889281e-02 1.5347087574901799e-02
6.8036464642724670e-02 1.6541814839300423e-02
6.9837673751237006e-02 1.7702662547364321e-02
7.1659043928811339e-02 1.8830785517329800e-02
7.3499420250686509e-02 1.9927983215994399e-02
7.5357596517117501e-02 2.0995965949597198e-02
7.7231299991222663e-02 2.2035482098059382e-02
7.9119515646362604e-02 2.3047743669362897e-02
8.1021526016599496e-02 2.4034098098966991e-02
8.2936624804790943e-02 2.4995871847077474e-02
8.4862990534277941e-02 2.5933760064191055e-02
8.6800217037129881e-02 2.6848784294357522e-02
8.8747776875575501e-02 2.7741770830939670e-02
9.0704872902782493e-02 2.8613422209610925e-02
9.2671155004556943e-02 2.9464639693858746e-02
9.4645936542478715e-02 3.0296082256736332e-02
9.6628501896749611e-02 3.1108220865250984e-02
9.8618592809502831e-02 3.1901696001772138e-02
1.0061595365417111e-01 3.2677141623014529e-02
1.0262006577575739e-01 3.3435081390358327e-02
1.0463033323918662e-01 3.4175917870200190e-02
1.0664667789729716e-01 3.4900160808372167e-02
1.0866874636986039e-01 3.5608213643356729e-02
1.1069625127876651e-01 3.6300504042420287e-02
1.1272909164793406e-01 3.6977506558661381e-02
1.1476674203123588e-01 3.7639468930985326e-02
1.1680905494042267e-01 3.8286735278310086e-02
1.1885591838269932e-01 3.8919658595722488e-02
1.2090720867188257e-01 3.9538585371008787e-02
1.2296252913349462e-01 4.0143726269238289e-02
1.2502170335614243e-01 4.0735232841264901e-02
1.2708468357741939e-01 4.1313274066944086e-02
1.2915142289627257e-01 4.1878015878717728e-02
1.3122180149179005e-01 4.2429615114284502e-02
1.3329541782969151e-01 4.2968464319220308e-02
1.3537205683052428e-01 4.3495320247302252e-02
1.3745152282803941e-01 4.4010959260143451e-02
1.3953362003642417e-01 4.4516158193758072e-02
1.4161825882890583e-01 4.5011146534402469e-02
1.4370601639635400e-01 4.5492264662501516e-02
1.4579804880441960e-01 4.5954240427088892e-02
1.4789553757103546e-01 4.6391783094214115e-02
1.4999884853091239e-01 4.6799422828778220e-02
1.5210931818831105e-01 4.7172576794504373e-02
1.5422498703318233e-01 4.7512144615213747e-02
1.5634485429965239e-01 4.7822323436855406e-02
1.5846831097717434e-01 4.8107376341545750e-02
1.6059475130300935e-01 4.8371543673954152e-02
1.6272335673456789e-01 4.8619015802840788e-02
1.6485303301704818e-01 4.8853181972649297e-02
1.6698382489766311e-01 4.9076303161803933e-02
1.6911551872036990e-01 4.9290494672208862e-02
1.7124790067920392e-01 4.9497873290063672e-02
1.7338075686009768e-01 4.9700556871846713e-02
1.7551386758220711e-01 4.9900662977579717e-02
1.7764702187617840e-01 5.0099804683339633e-02
1.7978025111886384e-01 5.0298130987440633e-02
1.8191356678129134e-01 5.0495517091268385e-02
1.8404698033433345e-01 5.0691838197905049e-02
1.8618050324894972e-01 5.0886969509486693e-02
1.8831414699642945e-01 5.1080786224561088e-02
1.9044792304863467e-01 5.1273163535445559e-02
1.9258184693512737e-01 5.1463976986768675e-02
1.9471591681895595e-01 5.1653100566354450e-02
1.9685014312175605e-01 5.1840409363882747e-02
1.9898453660803062e-01 5.2025778488961033e-02
2.0111910804340338e-01 5.2209083038189955e-02
2.0325386819481150e-01 5.2390198092934021e-02
2.0538882783069790e-01 5.2568998717091864e-02
2.0752399772120250e-01 5.2745359954865796e-02
2.0965950052354357e-01 5.2919195133506854e-02
2.1179518039740361e-01 5.3090515229864181e-02
2.1393103225291740e-01 5.3259374721553294e-02
2.1606705227592451e-01 5.3425828179161999e-02
2.1820323665304373e-01 5.3589930162143161e-02
2.2033958157163883e-01 5.3751735219277313e-02
2.2247608321978765e-01 5.3911297889135242e-02
2.2461273778624957e-01 5.4068672700540520e-02
2.2674954146043222e-01 5.4223914173031379e-02
2.2888649043236078e-01 5.4377076817323039e-02
2.3102358089264394e-01 5.4528215135769345e-02
2.3316080903244318e-01 5.4677383622824649e-02
2.3529817104343970e-01 5.4824636765505322e-02
2.3743566311780187e-01 5.4970029043851211e-02
2.3957328144815404e-01 5.5113614931387084e-02
2.4171102222754376e-01 5.5255448895583835e-02
2.4384888164940899e-01 5.5395585398319597e-02
2.4598685590754632e-01 5.5534078896340919e-02
2.4812494119607914e-01 5.5670983841723781e-02
2.5026313370942510e-01 5.5806354682334559e-02
2.5240142964226320e-01 5.5940245862290884e-02
2.5453982518950347e-01 5.6072711822422606e-02
2.5667831654625212e-01 5.6203807000732769e-02
2.5881689990778212e-01 5.6333585832858163e-02
2.6095548931528678e-01 5.6462085214704166e-02
2.6309414160152561e-01 5.6589272823261441e-02
2.6523287324035938e-01 5.6715084180515331e-02
2.6737168799726235e-01 5.6839453979976889e-02
2.6951058963789082e-01 5.6962316912017780e-02
2.7164958192809463e-01 5.7083607663632616e-02
2.7378866863393303e-01 5.7203260918202395e-02
2.7592785352168581e-01 5.7321211355257001e-02
2.7806713179411024e-01 5.7437393188787440e-02
2.8020650633004968e-01 5.7551741065320829e-02
2.8234598071106548e-01 5.7664189668207556e-02
2.8448555837138528e-01 5.7774673670870559e-02
2.8662524616383855e-01 5.7883127958080448e-02
2.8876505786986889e-01 5.7989519961697780e-02
2.9090495918255987e-01 5.8093904510690270e-02
2.9304494689139621e-01 5.8196353530113175e-02
2.9518501778620654e-01 5.8296938937299508e-02
2.9732516865714209e-01 5.8395732642382216e-02
2.9946539629465141e-01 5.8492806548816660e-02
3.0160569748945820e-01 5.8588232553902220e-02
3.0374606903253731e-01 5.8682082549304501e-02
3.0588650771509190e-01 5.8774428421577284e-02
3.0802701032853019e-01 5.8865342052683949e-02
3.1016757366444159e-01 5.8954895320519500e-02
3.1230819451457431e-01 5.9043160099432335e-02
3.1444886967081132e-01 5.9130208260745443e-02
3.1658959359954864e-01 5.9216111115472723e-02
3.1873035549193035e-01 5.9300905286388171e-02
3.2087115815134132e-01 5.9384570323003608e-02
3.2301200251669143e-01 5.9467080220085497e-02
3.2515288952692217e-01 5.9548408971549893e-02
3.2729382012100744e-01 5.9628530570412112e-02
3.2943479523795544e-01 5.9707419008735947e-02
3.3157581581681023e-01 5.9785048277583498e-02
3.3371688279665418e-01 5.9861392366964555e-02
3.3585799711660946e-01 5.9936425265786276e-02
3.3799915971583971e-01 6.0010120961802554e-02
3.4014037153355237e-01 6.0082453441563613e-02
3.4228163350899959e-01 6.0153396690365443e-02
3.4442294658148082e-01 6.0222924692199670e-02
3.4656430393007320e-01 6.0291011823767109e-02
3.4870569855456174e-01 6.0357647005535670e-02
3.5084713554829794e-01 6.0422833987538942e-02
3.5298861478835791e-01 6.0486576971368722e-02
3.5513013615189509e-01 6.0548880155967662e-02
3.5727169951614030e-01 6.0609747737648330e-02
3.5941330475840044e-01 6.0669183910112334e-02
3.6155495175605812e-01 6.0727192864468829e-02
3.6369667546621687e-01 6.0783779704458946e-02
3.6583842872119937e-01 6.0838947350161279e-02
3.6798021019313726e-01 6.0892699979066892e-02
3.7012201979811832e-01 6.0945041799169833e-02
3.7226385745228613e-01 6.0995977015708774e-02
3.7440572307183778e-01 6.1045509831186839e-02
3.7654761657302516e-01 6.1093644445391226e-02
3.7868953787215381e-01 6.1140385055413221e-02
3.8083148688558260e-01 6.1185735855668000e-02
3.8297346352972300e-01 6.1229701037914058e-02
3.8511546772103994e-01 6.1272284791273383e-02
3.8725749937604992e-01 6.1313491302250722e-02
3.8939955841132079e-01 6.1353324754753719e-02
3.9154164474347292e-01 6.1391789330112058e-02
3.9368375828917690e-01 6.1428889207097610e-02
3.9582589896515441e-01 6.1464628561943714e-02
3.9796806668817658e-01 6.1499011568365000e-02
4.0011026137506522e-01 6.1532042397576779e-02
4.0225248294269139e-01 6.1563725218314609e-02
4.0439473130797476e-01 6.1594064196854169e-02
4.0653700534617815e-01 6.1623063482120606e-02
4.0867928805650539e-01 6.1650725798535221e-02
4.1082158051691409e-01 6.1677050570510997e-02
4.1296388273640383e-01 6.1702036563392335e-02
4.1510619472399130e-01 6.1725682540265274e-02
4.1724851648870953e-01 6.1747987261951888e-02
4.1939084803960835e-01 6.1768949487005446e-02
4.2153318938575363e-01 6.1788567971704830e-02
4.2367554053622847e-01 6.1806841470049605e-02
4.2581790150013155e-01 6.1823768733754281e-02
4.2796027228657990e-01 6.1839348512243389e-02
4.3010265290470584e-01 6.1853579552646060e-02
4.3224504336365904e-01 6.1866460599790493e-02
4.3438744367260579e-01 6.1877990396198998e-02
4.3652985384072984e-01 6.1888167682082162e-02
4.3867227387723112e-01 6.1896991195333775e-02
4.4081470379132681e-01 6.1904459671525330e-02
4.4295714359225052e-01 6.1910571843900558e-02
4.4509959328925397e-01 6.1915326443370056e-02
4.4724205289160501e-01 6.1918722198505721e-02
4.4938448883930643e-01 6.1920757814302112e-02
4.5152692149110152e-01 6.1921432078594497e-02
4.5366935153434024e-01 6.1920743737767604e-02
4.5581177896661629e-01 6.1918691535045506e-02
4.5795420378551971e-01 6.1915274211360720e-02
4.6009662598863571e-01 6.1910490505349219e-02
4.6223904557354523e-01 6.1904339153344555e-02
4.6438146253782492e-01 6.1896818889373165e-02
4.6652387687904651e-01 6.1887928445148552e-02
4.6866628896800022e-01 6.1877666548175836e-02
4.7080870477134290e-01 6.1866032544810504e-02
4.7295110721928985e-01 6.1853028300265338e-02
4.7509349633457476e-01 6.1838656146979885e-02
4.7723587213991764e-01 6.1822918416072938e-02
4.7937823465802665e-01 6.1805817437348837e-02
4.8152058391159752e-01 6.1787355539302397e-02
4.8366291992331195e-01 6.1767535049124661e-02
4.8580524271583986e-01 6.1746358292708498e-02
4.8794755231183867e-01 6.1723827594654002e-02
4.9008984873395328e-01 6.1699945278273952e-02
4.9223213200481553e-01 6.1674713665599609e-02
4.9437440214704570e-01 6.1648135077385945e-02
4.9651665918325061e-01 6.1620211833117104e-02
4.9865890313602573e-01 6.1590946251012281e-02
5.0080113423488437e-01 6.1560340578154994e-02
5.0294334382098327e-01 6.1528394182703443e-02
5.0508552747529167e-01 6.1495102214351997e-02
5.0722768509721783e-01 6.1460459453542775e-02
5.0936981658611746e-01 6.1424460677985002e-02
5.1151192184129446e-01 6.1387100662627835e-02
5.1365400076199730e-01 6.1348374179633000e-02
5.1579605324742139e-01 6.1308275998347282e-02
5.1793807919670798e-01 6.1266800885275113e-02
5.2008007850894089e-01 6.1223943604051111e-02
5.2222205108315045e-01 6.1179698915412667e-02
5.2436399681830925e-01 6.1134061577172383e-02
5.2650591561333326e-01 6.1087026344190387e-02
5.2864780736708084e-01 6.1038587968346998e-02
5.3078967197835292e-01 6.0988741198515002e-02
5.3293150934589162e-01 6.0937480780531947e-02
5.3507330938903008e-01 6.0884801705937103e-02
5.3721506814739539e-01 6.0830698833137110e-02
5.3935678553475908e-01 6.0775166926144895e-02
5.4149846139950242e-01 6.0718200747752055e-02
5.4364009558992421e-01 6.0659795057917666e-02
5.4578168795424153e-01 6.0599944613742393e-02
5.4792323834058687e-01 6.0538644169441672e-02
5.5006474659700821e-01 6.0475888476320051e-02
5.5220621257146973e-01 6.0411672282744328e-02
5.5434763611184923e-01 6.0345990334117500e-02
5.5648901706593723e-01 6.0278837372852334e-02
5.5863035528143890e-01 6.0210208138344781e-02
5.6077165060596945e-01 6.0140097366947726e-02
5.6291290908124114e-01 6.0068499586995450e-02
5.6505415988551999e-01 5.9995412199517283e-02
5.6719534820714834e-01 5.9920845893163897e-02
5.6933647449743219e-01 5.9844811350068722e-02
5.7147753920757771e-01 5.9767319249960670e-02
5.7361854278869107e-01 5.9688380270203005e-02
5.7575948569178059e-01 5.9608005085831778e-02
5.7790036836775671e-01 5.9526204369594563e-02
5.8004119126743559e-01 5.9442988791988775e-02
5.8218195484154056e-01 5.9358369021300553e-02
5.8432265954070217e-01 5.9272355723642943e-02
5.8646330581546158e-01 5.9184959562994605e-02
5.8860389411627168e-01 5.9096191201238449e-02
5.9074442489349777e-01 5.9006061298199824e-02
5.9288489859741944e-01 5.8914580511685161e-02
5.9502531567823447e-01 5.8821759497520394e-02
5.9716567658605668e-01 5.8727608909589502e-02
5.9930598177092120e-01 5.8632139399872836e-02
6.0144623168278166e-01 5.8535361618485618e-02
6.0358642677151775e-01 5.8437286213716327e-02
6.0572656748693166e-01 5.8337923832065118e-02
6.0786665427875219e-01 5.8237285118282051e-02
6.1000668759663612e-01 5.8135380715405888e-02
6.1214666789016836e-01 5.8032221264801995e-02
6.1428659560886723e-01 5.7927817406200947e-02
6.1642647120218053e-01 5.7822179777736946e-02
6.1856629511949324e-01 5.7715319015985887e-02
6.2070599641315882e-01 5.7607249382195275e-02
6.2284563545541938e-01 5.7497978552954611e-02
6.2498522230551667e-01 5.7387515817206775e-02
6.2712476031449116e-01 5.7275805136389114e-02
6.2926421771884611e-01 5.7162681623182277e-02
6.3140358444033828e-01 5.7047968626816221e-02
6.3354285040041114e-01 5.6931489491014994e-02
6.3568200552009335e-01 5.6813067552255826e-02
6.3782103971990167e-01 5.6692526138028332e-02
6.3995994291974168e-01 5.6569688565093618e-02
6.4209870503880717e-01 5.6444378137742772e-02
6.4423731599548051e-01 5.6316418146055841e-02
6.4637576570723554e-01 5.6185631864159445e-02
6.4851404409053492e-01 5.6051842548485116e-02
6.5065212338833223e-01 5.5914881768066665e-02
6.5278998694101775e-01 5.5775114650503665e-02
6.5492775110304724e-01 5.5633789113635777e-02
6.5706548392634168e-01 5.5491838996856009e-02
6.5920317584712329e-01 5.5349303855093401e-02
6.6134082108226167e-01 5.5206100972734692e-02
6.6347841384861050e-01 5.5062147633978695e-02
6.6561594836298943e-01 5.4917361122498412e-02
6.6775341884215555e-01 5.4771658721102956e-02
6.6989081950278395e-01 5.4624957711399615e-02
6.7202814456144055e-01 5.4477175373455880e-02
6.7416538823456063e-01 5.4328228985461462e-02
6.7630254473842444e-01 5.4178035823390182e-02
6.7843960828913386e-01 5.4026513160662017e-02
6.8057657310258890e-01 5.3873578267805047e-02
6.8271343339446333e-01 5.3719148412117300e-02
6.8485018338018000e-01 5.3563140857328773e-02
6.8698681727489219e-01 5.3405472863263123e-02
6.8912332929345332e-01 5.3246061685499634e-02
6.9125969549142618e-01 5.3084825355624386e-02
6.9339590315240007e-01 5.2921671778342352e-02
6.9553195420313774e-01 5.2756500360033091e-02
6.9766784087655775e-01 5.2589211025908675e-02
6.9980355540495942e-01 5.2419703693199635e-02
7.0193908388690951e-01 5.2247899168520399e-02
7.0407442798964992e-01 5.2073824696249549e-02
7.0620960578954284e-01 5.1897541554078705e-02
7.0834459857968279e-01 5.1719114071941345e-02
7.1047941156211891e-01 5.1538604632185542e-02
7.1261405012221946e-01 5.1356075590909551e-02
7.1474851964445552e-01 5.1171589293833572e-02
7.1688282551246674e-01 5.0985208077051966e-02
7.1901697310912716e-01 5.0796994267785188e-02
7.2115096781660781e-01 5.0607010185131633e-02
7.2328481501644548e-01 5.0415318140819239e-02
7.2541850251952333e-01 5.0221921037701851e-02
7.2755203511262390e-01 5.0026628940115232e-02
7.2968538112469494e-01 4.9829400551397694e-02
7.3181853939269892e-01 4.9630223801855826e-02
7.3395150875283943e-01 4.9429086613895862e-02
7.3608428804054660e-01 4.9225976901896909e-02
7.3821687609046227e-01 4.9020882572083688e-02
7.4034927173643283e-01 4.8813791522399418e-02
7.4248147381149388e-01 4.8604691642378114e-02
7.4461348114785730e-01 4.8393570813017213e-02
7.4674529257690225e-01 4.8180416906649585e-02
7.4887690692915942e-01 4.7965217786815659e-02
7.5100832156716057e-01 4.7747961572598613e-02
7.5313951827960834e-01 4.7528640981431378e-02
7.5527049195479168e-01 4.7307250632576230e-02
7.5740124197994729e-01 4.7083784839659151e-02
7.5953176774155717e-01 4.6858237909324037e-02
7.6166206862534780e-01 4.6630604141183973e-02
7.6379214401628159e-01 4.6400877827773114e-02
7.6592199329855382e-01 4.6169053254497626e-02
7.6805161585558612e-01 4.5935124699586972e-02
7.7018101107002113e-01 4.5699086434045279e-02
7.7231017832371895e-01 4.5460932721602038e-02
7.7443911699774715e-01 4.5220657818663246e-02
7.7656780404549830e-01 4.4978256617764549e-02
7.7869623367386120e-01 4.4733704601571132e-02
7.8082440722718938e-01 4.4486967072337312e-02
7.8295232069936116e-01 4.4238009839176959e-02
7.8507997008283781e-01 4.3986798699123336e-02
7.8720735136861109e-01 4.3733299436658331e-02
7.8933446054614831e-01 4.3477477823241760e-02
7.9146128079027112e-01 4.3219301179498931e-02
7.9358780545834107e-01 4.2958735617216096e-02
7.9571403034676935e-01 4.2695746943960264e-02
7.9783995122423501e-01 4.2430300958084498e-02
7.9996556385783391e-01 4.2162363445127339e-02
8.0209088944345719e-01 4.1891909793345561e-02
8.0421588527698384e-01 4.1618977553372925e-02
8.0634055685117778e-01 4.1343612397717472e-02
8.0846491024191391e-01 4.1065859913633887e-02
8.1058895152362775e-01 4.0785765677570945e-02
8.1271268676937547e-01 4.0503375255635236e-02
8.1483612205089773e-01 4.0218734204052760e-02
8.1695926343867897e-01 3.9931888069632139e-02
8.1908211700201106e-01 3.9642882390226432e-02
8.2120468880905217e-01 3.9351762695195344e-02
8.2332698492689227e-01 3.9058574505867097e-02
8.2544901715629992e-01 3.8763362090725458e-02
8.2757077878008556e-01 3.8466090582098607e-02
8.2969220646606112e-01 3.8166556619328135e-02
8.3181326620371676e-01 3.7864529778605910e-02
8.3393392398178057e-01 3.7559779630978105e-02
8.3605414578778725e-01 3.7252075739406386e-02
8.3817389760764727e-01 3.6941187655829141e-02
8.4029314542520772e-01 3.6626884918222455e-02
8.4241185522182382e-01 3.6308937047661131e-02
8.4452999297591891e-01 3.5987113545379007e-02
8.4664752466255666e-01 3.5661183889828842e-02
8.4876441625300281e-01 3.5330917533741880e-02
8.5088067342820672e-01 3.4996077581672995e-02
8.5299619063197119e-01 3.4656445027755126e-02
8.5511083748420047e-01 3.4311805841761238e-02
8.5722457427929277e-01 3.3961931620216615e-02
8.5933736128122495e-01 3.3606593784631669e-02
8.6144915871956551e-01 3.3245563558577010e-02
8.6355992678548332e-01 3.2878611944727298e-02
8.6566962562774785e-01 3.2505509701867254e-02
8.6777821534872723e-01 3.2126027321853420e-02
8.6988565600037382e-01 3.1739935006525749e-02
8.7199190758019884e-01 3.1347002644563297e-02
8.7409693002722222e-01 3.0946999788277776e-02
8.7404604256150109e-01 3.0869599897517308e-02
8.7399515509594061e-01 3.0792200006691878e-02
8.7394426763043720e-01 3.0714800115747270e-02
8.7389338016500007e-01 3.0637400224800000e-02
