variables="x/c","cp"
zone, t="slat, Re = 9e06, alpha = 8.10 deg"
   0.8788480E-02 -0.1762240E+01
   0.7737372E-03 -0.1758150E+01
  -0.1037462E-01 -0.1779120E+01
  -0.2220900E-01 -0.1755310E+01
  -0.3390388E-01 -0.1780430E+01
  -0.4541626E-01 -0.1741730E+01
  -0.5556160E-01 -0.1838450E+01
  -0.6396090E-01 -0.1905170E+01
  -0.7064164E-01 -0.2030830E+01
  -0.7596883E-01 -0.2101410E+01
  -0.7968050E-01 -0.2212410E+01
  -0.8244462E-01 -0.2248310E+01
  -0.8408321E-01 -0.2384680E+01
  -0.8488226E-01 -0.2244690E+01
  -0.8516179E-01 -0.2120900E+01
  -0.8523181E-01 -0.2019630E+01
  -0.8518132E-01 -0.1691680E+01
  -0.8472336E-01 -0.1251230E+01
  -0.8338187E-01 -0.1957250E+00
  -0.8122535E-01  0.5310840E+00
  -0.7731381E-01  0.9121020E+00
  -0.7222573E-01  0.1047400E+01
  -0.6719412E-01  0.9995780E+00
  -0.6137100E-01  0.8767860E+00
  -0.5316880E-01  0.7700290E+00
  -0.4532561E-01  0.6504130E+00
  -0.3771041E-01  0.5288450E+00
  -0.3024274E-01  0.2780490E+00
  -0.2619723E-01  0.5222460E+00
  -0.3653137E-01  0.2563880E-01
  -0.4027647E-01 -0.9108120E-02
  -0.4347176E-01 -0.1622290E-01
  -0.4036047E-01 -0.4673890E-01
  -0.3285959E-01 -0.7983730E-01
  -0.2067508E-01 -0.5548770E-01
  -0.3410445E-02  0.3591880E+00
   0.1153506E-01  0.1597420E+00
zone, t="main, Re = 9e06, alpha = 8.10 deg"
   0.8500000E+00 -0.1371040E+01
   0.8250000E+00 -0.1417250E+01
   0.8000000E+00 -0.1432490E+01
   0.7750000E+00 -0.1435300E+01
   0.7500000E+00 -0.1437980E+01
   0.7250000E+00 -0.1455120E+01
   0.7000000E+00 -0.1460430E+01
   0.6000000E+00 -0.1527200E+01
   0.5500000E+00 -0.1591040E+01
   0.5000000E+00 -0.1636150E+01
   0.4500000E+00 -0.1714920E+01
   0.4000000E+00 -0.1805250E+01
   0.3500000E+00 -0.1929270E+01
   0.3000000E+00 -0.2080370E+01
   0.2500000E+00 -0.2402890E+01
   0.2250000E+00 -0.2516220E+01
   0.2000000E+00 -0.2807340E+01
   0.1800000E+00 -0.3130750E+01
   0.1650000E+00 -0.3625230E+01
   0.1525000E+00 -0.4075960E+01
   0.1425000E+00 -0.4147770E+01
   0.1325000E+00 -0.4170580E+01
   0.1225000E+00 -0.4286620E+01
   0.1075000E+00 -0.4554840E+01
   0.9500000E-01 -0.4789470E+01
   0.8550000E-01 -0.5106570E+01
   0.7000000E-01 -0.5402180E+01
   0.6400000E-01 -0.5582680E+01
   0.5800000E-01 -0.5693160E+01
   0.5300000E-01 -0.5759680E+01
   0.4900000E-01 -0.5752530E+01
   0.4650000E-01 -0.5681340E+01
   0.4481200E-01 -0.5305290E+01
   0.4381200E-01 -0.4746130E+01
   0.4481200E-01 -0.3876080E+01
   0.4900000E-01 -0.1627010E+01
   0.5800000E-01  0.5551740E+00
   0.7000000E-01  0.9298310E+00
   0.9000000E-01  0.1047450E+01
   0.1550000E+00  0.9781970E+00
   0.3000000E+00  0.7815010E+00
   0.3750000E+00  0.7272260E+00
   0.4500000E+00  0.6739170E+00
   0.5250000E+00  0.6635440E+00
   0.6000000E+00  0.6735980E+00
   0.6500000E+00  0.7099570E+00
   0.6800000E+00  0.7259960E+00
   0.7054900E+00  0.7432500E+00
   0.7000000E+00  0.7389580E+00
   0.7250000E+00  0.7429020E+00
   0.7500000E+00  0.7438260E+00
   0.7750000E+00  0.7383550E+00
   0.8000000E+00  0.7388220E+00
   0.8250000E+00  0.7591090E+00
   0.8500000E+00  0.5001060E+00
zone, t="flap, Re = 9e06, alpha = 8.10 deg"
   0.1130939E+01  0.1395350E+00
   0.1121808E+01  0.1030500E+00
   0.1112671E+01  0.7993070E-01
   0.1103521E+01  0.5439450E-01
   0.1094281E+01  0.1205860E-01
   0.1084908E+01 -0.2492050E-01
   0.1075412E+01 -0.9648130E-01
   0.1068508E+01 -0.1570170E+00
   0.1059998E+01 -0.2471410E+00
   0.1045370E+01 -0.3681200E+00
   0.1032508E+01 -0.5127320E+00
   0.1016589E+01 -0.7264400E+00
   0.9961990E+00 -0.1039380E+01
   0.9751530E+00 -0.1368140E+01
   0.9621836E+00 -0.1586540E+01
   0.9533728E+00 -0.1781800E+01
   0.9451334E+00 -0.1942970E+01
   0.9375733E+00 -0.2089870E+01
   0.9306207E+00 -0.2254650E+01
   0.9247708E+00 -0.2374580E+01
   0.9187179E+00 -0.2527120E+01
   0.9126345E+00 -0.2712390E+01
   0.9062910E+00 -0.2902920E+01
   0.8984328E+00 -0.3072920E+01
   0.8899957E+00 -0.3182220E+01
   0.8836775E+00 -0.2971980E+01
   0.8799725E+00 -0.2400570E+01
   0.8772139E+00 -0.1685140E+01
   0.8730204E+00 -0.7776480E+00
   0.8715789E+00  0.4317090E+00
   0.8723250E+00  0.8840230E+00
   0.8745406E+00  0.1034660E+01
   0.8856400E+00  0.9946320E+00
   0.9087137E+00  0.9063250E+00
   0.9324667E+00  0.8689080E+00
   0.9559364E+00  0.8570300E+00
   0.9790915E+00  0.8658590E+00
   0.1001879E+01  0.8166300E+00
   0.1010610E+01  0.7784320E+00
   0.1015354E+01  0.8051870E+00
   0.1024252E+01  0.7938700E+00
   0.1046186E+01  0.7707800E+00
   0.1067554E+01  0.7481640E+00
   0.1088274E+01  0.6872880E+00
   0.1108482E+01  0.5870080E+00
   0.1118323E+01  0.4962890E+00
   0.1128018E+01  0.1439680E+00
   0.1129478E+01  0.1439050E+00

zone, t="slat, Re = 9e06, alpha = 16.21 deg"
   0.8788480E-02 -0.3266090E+01
   0.7737372E-03 -0.3362340E+01
  -0.1037462E-01 -0.3509910E+01
  -0.2220900E-01 -0.3631370E+01
  -0.3390388E-01 -0.3839470E+01
  -0.4541626E-01 -0.4021980E+01
  -0.5556160E-01 -0.4441380E+01
  -0.6396090E-01 -0.4948850E+01
  -0.7064164E-01 -0.5589410E+01
  -0.7596883E-01 -0.6298270E+01
  -0.7968050E-01 -0.7045260E+01
  -0.8244462E-01 -0.8047610E+01
  -0.8408321E-01 -0.9253270E+01
  -0.8488226E-01 -0.1000880E+02
  -0.8516179E-01 -0.1027580E+02
  -0.8523181E-01 -0.1053200E+02
  -0.8518133E-01 -0.1020680E+02
  -0.8472336E-01 -0.9489030E+01
  -0.8338187E-01 -0.6956720E+01
  -0.8122535E-01 -0.4321820E+01
  -0.7731381E-01 -0.1808980E+01
  -0.7222573E-01 -0.2592200E+00
  -0.6719412E-01  0.4751740E+00
  -0.6137100E-01  0.8447960E+00
  -0.5316880E-01  0.1023740E+01
  -0.4532561E-01  0.1050250E+01
  -0.3771041E-01  0.1019780E+01
  -0.3024274E-01  0.8641940E+00
  -0.2619723E-01  0.5195820E+00
  -0.3653137E-01  0.5228270E+00
  -0.4027647E-01  0.4935310E+00
  -0.4347176E-01  0.4909680E+00
  -0.4036047E-01  0.4908570E+00
  -0.3285959E-01  0.4662800E+00
  -0.2067508E-01  0.7099550E+00
  -0.3410445E-02  0.4949860E+00
   0.1153506E-01 -0.6067620E+00
zone, t="main, Re = 9e06, alpha = 16.21 deg"
   0.8500000E+00 -0.1323900E+01
   0.8250000E+00 -0.1387710E+01
   0.8000000E+00 -0.1430270E+01
   0.7750000E+00 -0.1458440E+01
   0.7500000E+00 -0.1485600E+01
   0.7250000E+00 -0.1526380E+01
   0.7000000E+00 -0.1554260E+01
   0.6000000E+00 -0.1715080E+01
   0.5500000E+00 -0.1829790E+01
   0.5000000E+00 -0.1931100E+01
   0.4500000E+00 -0.2071340E+01
   0.4000000E+00 -0.2231000E+01
   0.3500000E+00 -0.2438600E+01
   0.3000000E+00 -0.2691740E+01
   0.2500000E+00 -0.3162030E+01
   0.2250000E+00 -0.3371340E+01
   0.2000000E+00 -0.3795450E+01
   0.1800000E+00 -0.4268750E+01
   0.1650000E+00 -0.4952210E+01
   0.1525000E+00 -0.5604210E+01
   0.1425000E+00 -0.5766790E+01
   0.1325000E+00 -0.5859400E+01
   0.1225000E+00 -0.6075120E+01
   0.1075000E+00 -0.6548320E+01
   0.9500000E-01 -0.6972000E+01
   0.8550000E-01 -0.7495170E+01
   0.7000000E-01 -0.8089650E+01
   0.6400000E-01 -0.8379790E+01
   0.5800000E-01 -0.8552840E+01
   0.5300000E-01 -0.8582980E+01
   0.4900000E-01 -0.8388030E+01
   0.4650000E-01 -0.7967680E+01
   0.4481200E-01 -0.7052220E+01
   0.4381200E-01 -0.5752910E+01
   0.4481200E-01 -0.4451250E+01
   0.4900000E-01 -0.1967220E+01
   0.5800000E-01  0.3557740E+00
   0.7000000E-01  0.7952470E+00
   0.9000000E-01  0.9772900E+00
   0.1550000E+00  0.1033640E+01
   0.3000000E+00  0.9270340E+00
   0.3750000E+00  0.8763270E+00
   0.4500000E+00  0.8213800E+00
   0.5250000E+00  0.7967930E+00
   0.6000000E+00  0.7818590E+00
   0.6500000E+00  0.7997730E+00
   0.6800000E+00  0.8047950E+00
   0.7054901E+00  0.8081470E+00
   0.7000000E+00  0.8033210E+00
   0.7250000E+00  0.8092220E+00
   0.7500000E+00  0.8076520E+00
   0.7750000E+00  0.8006290E+00
   0.8000000E+00  0.8069540E+00
   0.8250000E+00  0.8541440E+00
   0.8500000E+00  0.4928950E+00
zone, t="flap, Re = 9e06, alpha = 16.21 deg"
   0.1130939E+01  0.2295290E+00
   0.1121808E+01  0.1938830E+00
   0.1112671E+01  0.1489300E+00
   0.1103521E+01  0.1005470E+00
   0.1094281E+01  0.3780290E-01
   0.1084908E+01 -0.3470250E-02
   0.1075412E+01 -0.5990140E-01
   0.1068508E+01 -0.1111750E+00
   0.1059998E+01 -0.1756970E+00
   0.1045370E+01 -0.2527510E+00
   0.1032508E+01 -0.3677140E+00
   0.1016589E+01 -0.5439190E+00
   0.9961990E+00 -0.8091990E+00
   0.9751530E+00 -0.1115170E+01
   0.9621836E+00 -0.1329680E+01
   0.9533728E+00 -0.1518200E+01
   0.9451334E+00 -0.1666790E+01
   0.9375733E+00 -0.1810060E+01
   0.9306207E+00 -0.1964710E+01
   0.9247708E+00 -0.2085250E+01
   0.9187179E+00 -0.2231860E+01
   0.9126345E+00 -0.2413580E+01
   0.9062909E+00 -0.2610030E+01
   0.8984328E+00 -0.2801870E+01
   0.8899958E+00 -0.2958420E+01
   0.8836775E+00 -0.2800050E+01
   0.8799725E+00 -0.2258970E+01
   0.8772139E+00 -0.1562060E+01
   0.8730204E+00 -0.6664130E+00
   0.8715789E+00  0.4833080E+00
   0.8723250E+00  0.8873140E+00
   0.8745406E+00  0.1031970E+01
   0.8856400E+00  0.1014200E+01
   0.9087137E+00  0.9362560E+00
   0.9324667E+00  0.9014240E+00
   0.9559364E+00  0.8973990E+00
   0.9790915E+00  0.9090660E+00
   0.1001879E+01  0.8578590E+00
   0.1010610E+01  0.8208010E+00
   0.1015354E+01  0.8437140E+00
   0.1024252E+01  0.8287280E+00
   0.1046186E+01  0.8097640E+00
   0.1067554E+01  0.7885920E+00
   0.1088274E+01  0.7340340E+00
   0.1108482E+01  0.6430790E+00
   0.1118323E+01  0.5587060E+00
   0.1128018E+01  0.2296030E+00
   0.1129478E+01  0.2305960E+00

zone, t="slat, Re = 9e06, alpha = 21.34 deg"
   0.8788480E-02 -0.4038210E+01
   0.7737372E-03 -0.4203020E+01
  -0.1037462E-01 -0.4430010E+01
  -0.2220900E-01 -0.4666250E+01
  -0.3390388E-01 -0.5004970E+01
  -0.4541626E-01 -0.5350050E+01
  -0.5556160E-01 -0.6005570E+01
  -0.6396090E-01 -0.6789760E+01
  -0.7064164E-01 -0.7809870E+01
  -0.7596883E-01 -0.9001600E+01
  -0.7968050E-01 -0.1026870E+02
  -0.8244462E-01 -0.1208550E+02
  -0.8408321E-01 -0.1433910E+02
  -0.8488226E-01 -0.1646950E+02
  -0.8516179E-01 -0.1722340E+02
  -0.8523181E-01 -0.1810780E+02
  -0.8518133E-01 -0.1768830E+02
  -0.8472336E-01 -0.1664630E+02
  -0.8338187E-01 -0.1249240E+02
  -0.8122535E-01 -0.8426880E+01
  -0.7731381E-01 -0.4476920E+01
  -0.7222573E-01 -0.1898330E+01
  -0.6719412E-01 -0.5211760E+00
  -0.6137100E-01  0.3005030E+00
  -0.5316880E-01  0.7649070E+00
  -0.4532561E-01  0.9736570E+00
  -0.3771041E-01  0.1059640E+01
  -0.3024274E-01  0.1021550E+01
  -0.2619723E-01  0.5185540E+00
  -0.3653137E-01  0.7390130E+00
  -0.4027647E-01  0.7147320E+00
  -0.4347176E-01  0.7191930E+00
  -0.4036047E-01  0.7259980E+00
  -0.3285959E-01  0.7537420E+00
  -0.2067508E-01  0.8791060E+00
  -0.3410445E-02  0.3245110E+00
   0.1153506E-01 -0.9021520E+00
zone, t="main, Re = 9e06, alpha = 21.34 deg"
   0.8500000E+00 -0.1139120E+01
   0.8250000E+00 -0.1211680E+01
   0.8000000E+00 -0.1264780E+01
   0.7750000E+00 -0.1308670E+01
   0.7500000E+00 -0.1351130E+01
   0.7250000E+00 -0.1402180E+01
   0.7000000E+00 -0.1446590E+01
   0.6000000E+00 -0.1658980E+01
   0.5500000E+00 -0.1801780E+01
   0.5000000E+00 -0.1936100E+01
   0.4500000E+00 -0.2108620E+01
   0.4000000E+00 -0.2304060E+01
   0.3500000E+00 -0.2557220E+01
   0.3000000E+00 -0.2864510E+01
   0.2500000E+00 -0.3414720E+01
   0.2250000E+00 -0.3667880E+01
   0.2000000E+00 -0.4154440E+01
   0.1800000E+00 -0.4703160E+01
   0.1650000E+00 -0.5464490E+01
   0.1525000E+00 -0.6216480E+01
   0.1425000E+00 -0.6428190E+01
   0.1325000E+00 -0.6572830E+01
   0.1225000E+00 -0.6842680E+01
   0.1075000E+00 -0.7434620E+01
   0.9500000E-01 -0.7980940E+01
   0.8550000E-01 -0.8618120E+01
   0.7000000E-01 -0.9425820E+01
   0.6400000E-01 -0.9798440E+01
   0.5800000E-01 -0.1004460E+02
   0.5300000E-01 -0.1007210E+02
   0.4900000E-01 -0.9817570E+01
   0.4650000E-01 -0.9263630E+01
   0.4481200E-01 -0.8118650E+01
   0.4381200E-01 -0.6550350E+01
   0.4481200E-01 -0.5040340E+01
   0.4900000E-01 -0.2375340E+01
   0.5800000E-01  0.1950770E+00
   0.7000000E-01  0.6976250E+00
   0.9000000E-01  0.9193740E+00
   0.1550000E+00  0.1035360E+01
   0.3000000E+00  0.9773310E+00
   0.3750000E+00  0.9366710E+00
   0.4500000E+00  0.8827870E+00
   0.5250000E+00  0.8543110E+00
   0.6000000E+00  0.8304010E+00
   0.6500000E+00  0.8427940E+00
   0.6800000E+00  0.8448080E+00
   0.7054901E+00  0.8404620E+00
   0.7000000E+00  0.8361290E+00
   0.7250000E+00  0.8430940E+00
   0.7500000E+00  0.8408730E+00
   0.7750000E+00  0.8332340E+00
   0.8000000E+00  0.8397270E+00
   0.8250000E+00  0.8822780E+00
   0.8500000E+00  0.4863620E+00
zone, t="flap, Re = 9e06, alpha = 21.34 deg"
   0.1130939E+01  0.2332140E+00
   0.1121808E+01  0.1787940E+00
   0.1112671E+01  0.1309040E+00
   0.1103521E+01  0.8798360E-01
   0.1094281E+01  0.3913410E-01
   0.1084908E+01  0.2142450E-01
   0.1075412E+01 -0.1327160E-01
   0.1068508E+01 -0.4541250E-01
   0.1059998E+01 -0.8785300E-01
   0.1045370E+01 -0.1300080E+00
   0.1032508E+01 -0.2129780E+00
   0.1016589E+01 -0.3459390E+00
   0.9961990E+00 -0.5615530E+00
   0.9751530E+00 -0.8202860E+00
   0.9621836E+00 -0.1002000E+01
   0.9533728E+00 -0.1172440E+01
   0.9451334E+00 -0.1301160E+01
   0.9375733E+00 -0.1431460E+01
   0.9306207E+00 -0.1563940E+01
   0.9247708E+00 -0.1670540E+01
   0.9187179E+00 -0.1804790E+01
   0.9126345E+00 -0.1971710E+01
   0.9062909E+00 -0.2165560E+01
   0.8984328E+00 -0.2357380E+01
   0.8899958E+00 -0.2547570E+01
   0.8836775E+00 -0.2451090E+01
   0.8799725E+00 -0.1976450E+01
   0.8772139E+00 -0.1343680E+01
   0.8730204E+00 -0.5222800E+00
   0.8715789E+00  0.5323260E+00
   0.8723250E+00  0.9019670E+00
   0.8745406E+00  0.1034040E+01
   0.8856400E+00  0.1019160E+01
   0.9087137E+00  0.9500450E+00
   0.9324667E+00  0.9154300E+00
   0.9559364E+00  0.9111140E+00
   0.9790915E+00  0.9255280E+00
   0.1001879E+01  0.8723250E+00
   0.1010610E+01  0.8389940E+00
   0.1015354E+01  0.8607120E+00
   0.1024252E+01  0.8460870E+00
   0.1046186E+01  0.8250050E+00
   0.1067554E+01  0.8063340E+00
   0.1088274E+01  0.7508840E+00
   0.1108482E+01  0.6631160E+00
   0.1118323E+01  0.5765300E+00
   0.1128018E+01  0.2372150E+00
   0.1129478E+01  0.2369690E+00

zone, t="slat, Re = 9e06, alpha = 23.28 deg"
   0.8788480E-02 -0.4038350E+01
   0.7737372E-03 -0.4213790E+01
  -0.1037462E-01 -0.4451240E+01
  -0.2220900E-01 -0.4701190E+01
  -0.3390388E-01 -0.5059330E+01
  -0.4541626E-01 -0.5432370E+01
  -0.5556160E-01 -0.6114540E+01
  -0.6396090E-01 -0.6942990E+01
  -0.7064164E-01 -0.7997850E+01
  -0.7596883E-01 -0.9249840E+01
  -0.7968050E-01 -0.1058600E+02
  -0.8244462E-01 -0.1249030E+02
  -0.8408321E-01 -0.1481740E+02
  -0.8488226E-01 -0.1735640E+02
  -0.8516179E-01 -0.1821530E+02
  -0.8523181E-01 -0.1936100E+02
  -0.8518133E-01 -0.1889870E+02
  -0.8472336E-01 -0.1759510E+02
  -0.8338187E-01 -0.1316180E+02
  -0.8122535E-01 -0.8929140E+01
  -0.7731381E-01 -0.4827150E+01
  -0.7222573E-01 -0.2123850E+01
  -0.6719412E-01 -0.6518840E+00
  -0.6137100E-01  0.2177260E+00
  -0.5316880E-01  0.7207940E+00
  -0.4532561E-01  0.9507400E+00
  -0.3771041E-01  0.1061550E+01
  -0.3024274E-01  0.1031830E+01
  -0.2619723E-01  0.5124500E+00
  -0.3653137E-01  0.7619750E+00
  -0.4027647E-01  0.7420000E+00
  -0.4347176E-01  0.7469570E+00
  -0.4036047E-01  0.7570100E+00
  -0.3285959E-01  0.8017690E+00
  -0.2067508E-01  0.8768980E+00
  -0.3410445E-02  0.3185490E+00
   0.1153506E-01 -0.9072190E+00
zone, t="main, Re = 9e06, alpha = 23.28 deg"
   0.8500000E+00 -0.1030230E+01
   0.8250000E+00 -0.1090510E+01
   0.8000000E+00 -0.1133970E+01
   0.7750000E+00 -0.1173900E+01
   0.7500000E+00 -0.1212770E+01
   0.7250000E+00 -0.1257670E+01
   0.7000000E+00 -0.1298730E+01
   0.6000000E+00 -0.1505920E+01
   0.5500000E+00 -0.1647710E+01
   0.5000000E+00 -0.1780170E+01
   0.4500000E+00 -0.1955280E+01
   0.4000000E+00 -0.2154410E+01
   0.3500000E+00 -0.2409460E+01
   0.3000000E+00 -0.2720350E+01
   0.2500000E+00 -0.3277940E+01
   0.2250000E+00 -0.3540210E+01
   0.2000000E+00 -0.4026620E+01
   0.1800000E+00 -0.4567940E+01
   0.1650000E+00 -0.5321150E+01
   0.1525000E+00 -0.6056690E+01
   0.1425000E+00 -0.6279220E+01
   0.1325000E+00 -0.6425530E+01
   0.1225000E+00 -0.6706270E+01
   0.1075000E+00 -0.7308790E+01
   0.9500000E-01 -0.7857840E+01
   0.8550000E-01 -0.8491930E+01
   0.7000000E-01 -0.9323650E+01
   0.6400000E-01 -0.9709740E+01
   0.5800000E-01 -0.9968390E+01
   0.5300000E-01 -0.1001760E+02
   0.4900000E-01 -0.9783420E+01
   0.4650000E-01 -0.9243340E+01
   0.4481200E-01 -0.8109240E+01
   0.4381200E-01 -0.6551290E+01
   0.4481200E-01 -0.5042390E+01
   0.4900000E-01 -0.2388940E+01
   0.5800000E-01  0.1846310E+00
   0.7000000E-01  0.6822230E+00
   0.9000000E-01  0.9129770E+00
   0.1550000E+00  0.1034330E+01
   0.3000000E+00  0.9813970E+00
   0.3750000E+00  0.9382280E+00
   0.4500000E+00  0.8830180E+00
   0.5250000E+00  0.8534730E+00
   0.6000000E+00  0.8280480E+00
   0.6500000E+00  0.8390970E+00
   0.6800000E+00  0.8410900E+00
   0.7054901E+00  0.8380790E+00
   0.7000000E+00  0.8337980E+00
   0.7250000E+00  0.8367520E+00
   0.7500000E+00  0.8358820E+00
   0.7750000E+00  0.8269000E+00
   0.8000000E+00  0.8389120E+00
   0.8250000E+00  0.8827400E+00
   0.8500000E+00  0.4802810E+00
zone, t="flap, Re = 9e06, alpha = 23.28 deg"
   0.1130939E+01  0.2066700E+00
   0.1121808E+01  0.1464750E+00
   0.1112671E+01  0.9374140E-01
   0.1103521E+01  0.4769960E-01
   0.1094281E+01 -0.2094760E-02
   0.1084908E+01 -0.2010840E-01
   0.1075412E+01 -0.5719990E-01
   0.1068508E+01 -0.8887490E-01
   0.1059998E+01 -0.1311570E+00
   0.1045370E+01 -0.1651520E+00
   0.1032508E+01 -0.2422170E+00
   0.1016589E+01 -0.3649680E+00
   0.9961990E+00 -0.5586410E+00
   0.9751530E+00 -0.7870240E+00
   0.9621836E+00 -0.9513140E+00
   0.9533728E+00 -0.1105290E+01
   0.9451334E+00 -0.1218600E+01
   0.9375733E+00 -0.1335240E+01
   0.9306207E+00 -0.1455390E+01
   0.9247708E+00 -0.1553410E+01
   0.9187179E+00 -0.1677400E+01
   0.9126345E+00 -0.1832010E+01
   0.9062909E+00 -0.2010450E+01
   0.8984328E+00 -0.2192760E+01
   0.8899958E+00 -0.2380650E+01
   0.8836775E+00 -0.2292580E+01
   0.8799725E+00 -0.1845500E+01
   0.8772139E+00 -0.1239130E+01
   0.8730204E+00 -0.4570890E+00
   0.8715789E+00  0.5614110E+00
   0.8723250E+00  0.9137490E+00
   0.8745406E+00  0.1038930E+01
   0.8856400E+00  0.1015530E+01
   0.9087137E+00  0.9464830E+00
   0.9324667E+00  0.9119130E+00
   0.9559364E+00  0.9075590E+00
   0.9790915E+00  0.9219550E+00
   0.1001879E+01  0.8659620E+00
   0.1010610E+01  0.8326560E+00
   0.1015354E+01  0.8528250E+00
   0.1024252E+01  0.8397430E+00
   0.1046186E+01  0.8171660E+00
   0.1067554E+01  0.7968720E+00
   0.1088274E+01  0.7385840E+00
   0.1108482E+01  0.6461390E+00
   0.1118323E+01  0.5580320E+00
   0.1128018E+01  0.2054260E+00
   0.1129478E+01  0.2064390E+00
