1.8065093342194444e-02 6.5603451386388890e-03
1.8162015121848261e-02 6.3760253294878836e-03
1.8258436506976103e-02 6.1912263482375666e-03
1.8355110156395002e-02 6.0065589279740782e-03
1.8451417682201123e-02 5.8216875658502441e-03
1.8548091028960663e-02 5.6370169941804835e-03
1.8644545096384305e-02 5.4522320504028108e-03
1.8741210768551928e-02 5.2675878141556281e-03
1.8837748904016668e-02 5.0830166772622221e-03
1.7821025078953084e-02 4.0603089738966884e-03
1.6775146286683373e-02 3.0674086910648006e-03
1.5703374819105345e-02 2.1024711226135333e-03
1.4629203377738443e-02 1.1401863122127629e-03
1.3557698093884256e-02 1.7493172053141505e-04
1.2490865272862327e-02 -7.9548479548356048e-04
1.1427299034680689e-02 -1.7694799396908685e-03
1.0367043535685360e-02 -2.7470774522601184e-03
9.3115562124692509e-03 -3.7298219395932408e-03
8.2595403641590268e-03 -4.7162814242914537e-03
7.2121392827294729e-03 -5.7076349384289106e-03
6.1693854477810279e-03 -6.7038772871018670e-03
5.1304458000665347e-03 -7.7040949895163489e-03
4.0963723080305247e-03 -8.7093472822512060e-03
3.0674125664382321e-03 -9.7198333718310787e-03
2.0433866557779011e-03 -1.0735317494531901e-02
1.0241373074420745e-03 -1.1755597192503261e-02
1.0379321700456006e-05 -1.2781332852478473e-02
-9.9742306243009115e-04 -1.3812916675014456e-02
-2.0004595443815169e-03 -1.4849129324497827e-02
-2.9966479421289949e-03 -1.5891922520793862e-02
-3.9888294741148318e-03 -1.6938543890557000e-02
-4.9722638238021951e-03 -1.7993373707890434e-02
-5.9529013361331665e-03 -1.9050812426374727e-02
-6.9239677260330553e-03 -2.0117053096061238e-02
-7.8904419346583782e-03 -2.1187440645527002e-02
-8.8500559139369217e-03 -2.2264000723503593e-02
-9.8010680300188724e-03 -2.3348157653063958e-02
-1.0747848526943210e-02 -2.4436017748177628e-02
-1.1684196460659466e-02 -2.5532873783245463e-02
-1.2614854444622705e-02 -2.6634536302422067e-02
-1.3538830390009549e-02 -2.7741833604376355e-02
-1.4451889432868539e-02 -2.8858138875325297e-02
-1.5361261696449306e-02 -2.9977456832657196e-02
-1.6257815384986076e-02 -3.1107072854086735e-02
-1.7148842859112216e-02 -3.2241034239100151e-02
-1.8030739600389555e-02 -3.3382129340637466e-02
-1.8902251353572670e-02 -3.4531146125917261e-02
-1.9768259001244744e-02 -3.5684342199343015e-02
-2.0620503919142375e-02 -3.6847749811424607e-02
-2.1467108611619861e-02 -3.8015238040247389e-02
-2.2302875146670061e-02 -3.9190540214646477e-02
-2.3127078632123189e-02 -4.0373963792312395e-02
-2.3946359699877851e-02 -4.1560813347772889e-02
-2.4748512756014265e-02 -4.2759308866490126e-02
-2.5544461562331935e-02 -4.3961887353537621e-02
-2.6329207818532489e-02 -4.5171851088504480e-02
-2.7105094443353364e-02 -4.6387498872667132e-02
-2.7867286636039101e-02 -4.7611787733890763e-02
-2.8618217154758620e-02 -4.8843014471639197e-02
-2.9357433478898361e-02 -5.0081312811675584e-02
-3.0083245310686322e-02 -5.1327512910517140e-02
-3.0796743689419911e-02 -5.2580801961577904e-02
-3.1495031028667450e-02 -5.3842617909909372e-02
-3.2181090649086870e-02 -5.5111127280565074e-02
-3.2852619967911507e-02 -5.6387381250418721e-02
-3.3509664440899145e-02 -5.7671160455787671e-02
-3.4150634371471915e-02 -5.8963042091161162e-02
-3.4776775847713111e-02 -6.0262175394962890e-02
-3.5385431959234756e-02 -6.1569600593456668e-02
-3.5977773154957343e-02 -6.2884500578864716e-02
-3.6552101724244439e-02 -6.4207365569682442e-02
-3.7108118155451897e-02 -6.5538033609434165e-02
-3.7644943271814703e-02 -6.6876549372106894e-02
-3.8162795487978324e-02 -6.8222502728041784e-02
-3.8661428464730162e-02 -6.9575688203925665e-02
-3.9139245033349694e-02 -7.0936363403584557e-02
-3.9596903670020639e-02 -7.2303943009344715e-02
-4.0035475015580836e-02 -7.3677773316255288e-02
-4.0448330227643159e-02 -7.5059556791009938e-02
-4.0835500799331625e-02 -7.6448745924600950e-02
-4.1194003748828617e-02 -7.7845614025561616e-02
-4.1521061653289261e-02 -7.9250163365360005e-02
-4.1813785513141410e-02 -8.0662253003143169e-02
-4.2069895677234050e-02 -8.2081407365744943e-02
-4.2288887064441616e-02 -8.3506764691903448e-02
-4.2462549194475389e-02 -8.4938362716815055e-02
-4.2588078070903541e-02 -8.6374956284292620e-02
-4.2666258585447356e-02 -8.7814861146138554e-02
-4.2693806983770261e-02 -8.9256638148090942e-02
-4.2666598475160106e-02 -9.0698420654738043e-02
-4.2577099364816046e-02 -9.2137647947080112e-02
-4.2430797041860785e-02 -9.3572160716107786e-02
-4.2225852072467429e-02 -9.4999474578763107e-02
-4.1958772344214405e-02 -9.6416464095768109e-02
-4.1615734987763914e-02 -9.7817032816036445e-02
-4.1185378850087426e-02 -9.9193172691419834e-02
-4.0653854811208430e-02 -1.0053332300837117e-01
-4.0007126647165436e-02 -1.0182167752466494e-01
-3.9231341679478157e-02 -1.0303650327103689e-01
-3.8329919851282888e-02 -1.0416120296099372e-01
-3.7316347219651082e-02 -1.0518610011480212e-01
-3.6201145431540925e-02 -1.0609951268892728e-01
-3.4999768284085415e-02 -1.0689615553299406e-01
-3.3724582378910239e-02 -1.0756847121634094e-01
-3.2386741126504776e-02 -1.0810530329439628e-01
-3.1001115827664207e-02 -1.0850276985595755e-01
-2.9581327787566527e-02 -1.0875169757714100e-01
-2.8142743294883612e-02 -1.0884114427301889e-01
-2.6708081882850000e-02 -1.0875845451377777e-01
-2.8744566600099872e-02 -1.0953675211516506e-01
-3.0827775272532967e-02 -1.1018114311306605e-01
-3.2932735658395253e-02 -1.1075113008038467e-01
-3.5047109854852078e-02 -1.1128531675423939e-01
-3.7164840466478326e-02 -1.1180607000991473e-01
-3.9281398335561692e-02 -1.1233157151216822e-01
-4.1398075444399725e-02 -1.1285659502458466e-01
-4.3516528045064368e-02 -1.1337438203491534e-01
-4.5638497216397761e-02 -1.1387759591344555e-01
-4.7765939360215927e-02 -1.1435708023933756e-01
-4.9901559064916078e-02 -1.1479872793028045e-01
-5.2045371257547692e-02 -1.1519882943098556e-01
-5.4197697628343679e-02 -1.1555037106218645e-01
-5.6358901439517051e-02 -1.1584262389854000e-01
-5.8528445660251109e-02 -1.1606392398053561e-01
-6.0704871412430778e-02 -1.1620228003597893e-01
-6.2885354420614881e-02 -1.1624279625699467e-01
-6.5064948744694664e-02 -1.1616853413671355e-01
-6.7235757872336724e-02 -1.1595832009169706e-01
-6.9386350662556939e-02 -1.1559684927821962e-01
-7.1502638367204663e-02 -1.1507117906527105e-01
-7.3565636252372002e-02 -1.1436531199753255e-01
-7.5554750540107338e-02 -1.1347276472667317e-01
-7.7451201252342505e-02 -1.1239669093725563e-01
-7.9248807136211713e-02 -1.1116232303595495e-01
-8.0886502869925839e-02 -1.0972233145515611e-01
-8.2409010070876934e-02 -1.0816316345581323e-01
-8.3671071801529440e-02 -1.0638705873885851e-01
-8.4520874917898947e-02 -1.0438511714615878e-01
-8.4774207270109897e-02 -1.0222445163945061e-01
-8.4592604496084273e-02 -1.0005249231797367e-01
-8.4171146793870333e-02 -9.7913257261957501e-02
-8.3681397134908783e-02 -9.5788266145169942e-02
-8.3059631582092008e-02 -9.3697966882615058e-02
-8.2376584228363442e-02 -9.1626987848042615e-02
-8.1585337099847166e-02 -8.9594958863897664e-02
-8.0699582964603667e-02 -8.7602065373846169e-02
-7.9743799581423719e-02 -8.5641826841049554e-02
-7.8712747498230110e-02 -8.3720058592917007e-02
-7.7613938282089678e-02 -8.1836270475463505e-02
-7.6452014405519048e-02 -7.9990737768977166e-02
-7.5239003339556174e-02 -7.8178299238301885e-02
-7.3984135600611442e-02 -7.6394603798801392e-02
-7.2693268229179500e-02 -7.4636864966465058e-02
-7.1370957309269775e-02 -7.2902604658362499e-02
-7.0020597534862172e-02 -7.1190080938558498e-02
-6.8644983264877113e-02 -6.9497846756690504e-02
-6.7246475124993890e-02 -6.7824412210997387e-02
-6.5827088574581888e-02 -6.6168704547302892e-02
-6.4388493674632161e-02 -6.4529665781862394e-02
-6.2932625340368670e-02 -6.2905954132977060e-02
-6.1461171158711164e-02 -6.1296345233378111e-02
-5.9974903992452831e-02 -5.9700376636367056e-02
-5.8474598190124051e-02 -5.8117634586012885e-02
-5.6961233200896605e-02 -5.6547339891068776e-02
-5.5435815193113656e-02 -5.4988789161525754e-02
-5.3899155007090402e-02 -5.3441289310046408e-02
-5.2351980441820233e-02 -5.1904334562609455e-02
-5.0794744869808811e-02 -5.0377555265335605e-02
-4.9227947702648045e-02 -4.8860610576950056e-02
-4.7652094294152264e-02 -4.7353069741689444e-02
-4.6067639599077614e-02 -4.5854574436718587e-02
-4.4474885710897000e-02 -4.4364887523723313e-02
-4.2874171683747679e-02 -4.2883771406180708e-02
-4.1265891609599398e-02 -4.1410866102440741e-02
-3.9650423174031418e-02 -3.9945854648177244e-02
-3.8027986369859601e-02 -3.8488563420711108e-02
-3.6398777672126889e-02 -3.7038845232981288e-02
-3.4763022974849137e-02 -3.5596522631137779e-02
-3.3120941658486579e-02 -3.4161409815513681e-02
-3.1472713703920838e-02 -3.2733363520453099e-02
-2.9818496602848656e-02 -3.1312250567573398e-02
-2.8158452934393938e-02 -2.9897954830394272e-02
-2.6492721981659181e-02 -2.8490352393100167e-02
-2.4821432348928311e-02 -2.7089364521805968e-02
-2.3144679862931717e-02 -2.5694909611319192e-02
-2.1462586641885890e-02 -2.4306912084099571e-02
-1.9775237804891266e-02 -2.2925296817943152e-02
-1.8082549430027905e-02 -2.1550240832251037e-02
-1.6384343324523157e-02 -2.0182000322281665e-02
-1.4680885963410365e-02 -1.8820307879382759e-02
-1.2972766967450823e-02 -1.7464464768003656e-02
-1.1261158134488601e-02 -1.6113033458386706e-02
-9.5476090262410218e-03 -1.4764061569387109e-02
-7.8328030798270713e-03 -1.3416689498865628e-02
-6.1167907204922002e-03 -1.2070853996630012e-02
-4.3999880277975625e-03 -1.0726027052336705e-02
-2.6828719764224948e-03 -9.3816002749950063e-03
-9.6529632240387555e-04 -8.0377607095951046e-03
7.5214024465622387e-04 -6.6937434211850610e-03
2.4679172953160277e-03 -5.3476083312326717e-03
4.1844732321768500e-03 -4.0024665731493653e-03
5.9033926420058386e-03 -2.6603461245721495e-03
7.6236433831325841e-03 -1.3199326689981067e-03
9.3451360208418113e-03 1.8885374958712208e-05
1.1067723048847546e-02 1.3562951327593367e-03
1.2791994836935489e-02 2.6915318177097346e-03
1.4517735903556851e-02 4.0248637702445800e-03
1.6265456800978663e-02 5.3291454744367134e-03
1.8065093342194444e-02 6.5603451386388890e-03
